B0001.4a,0.0604838709677,0.00806451612903,0.0483870967742,0.0927419354839,0.0443548387097,0.0443548387097,0.0241935483871,0.0887096774194,0.0766129032258,0.0967741935484,0.0161290322581,0.0524193548387,0.0403225806452,0.0282258064516,0.0725806451613,0.0604838709677,0.0564516129032,0.0604838709677,0.0,0.0282258064516
B0025.2.1,0.0545454545455,0.00808080808081,0.0686868686869,0.0888888888889,0.0363636363636,0.0505050505051,0.020202020202,0.0666666666667,0.0888888888889,0.0949494949495,0.0383838383838,0.0424242424242,0.030303030303,0.0545454545455,0.0383838383838,0.0686868686869,0.0646464646465,0.0383838383838,0.00808080808081,0.0383838383838
B0035.5,0.0536398467433,0.0153256704981,0.0613026819923,0.0785440613027,0.0574712643678,0.0555555555556,0.0172413793103,0.0478927203065,0.0919540229885,0.0862068965517,0.0306513409962,0.0402298850575,0.0421455938697,0.0344827586207,0.0536398467433,0.0593869731801,0.0402298850575,0.0804597701149,0.0134099616858,0.0402298850575
B0035.9,0.0679611650485,0.00970873786408,0.0291262135922,0.0388349514563,0.0194174757282,0.165048543689,0.0194174757282,0.0582524271845,0.106796116505,0.0776699029126,0.0194174757282,0.0194174757282,0.00970873786408,0.0194174757282,0.135922330097,0.0194174757282,0.0582524271845,0.0873786407767,0.0,0.0388349514563
B0303.3.1,0.131696428571,0.0111607142857,0.0491071428571,0.0491071428571,0.03125,0.0803571428571,0.0223214285714,0.0491071428571,0.0825892857143,0.0982142857143,0.03125,0.0401785714286,0.0424107142857,0.0223214285714,0.0379464285714,0.0580357142857,0.0558035714286,0.078125,0.00223214285714,0.0267857142857
B0250.5,0.130434782609,0.0167224080268,0.0367892976589,0.0334448160535,0.0267558528428,0.103678929766,0.0133779264214,0.0702341137124,0.056856187291,0.0802675585284,0.0401337792642,0.056856187291,0.0367892976589,0.0501672240803,0.0200668896321,0.0635451505017,0.0602006688963,0.0735785953177,0.00334448160535,0.0267558528428
B0365.1,0.0864422202002,0.0118289353958,0.049135577798,0.066424021838,0.0409463148317,0.090991810737,0.0236578707916,0.073703366697,0.0627843494086,0.080982711556,0.024567788899,0.0363967242948,0.0500454959054,0.0300272975432,0.0482256596906,0.0582347588717,0.0591446769791,0.0646041856233,0.0090991810737,0.0327570518653
B0495.4,0.055900621118,0.0155279503106,0.0434782608696,0.0636645962733,0.0745341614907,0.0621118012422,0.0217391304348,0.0885093167702,0.0465838509317,0.107142857143,0.0372670807453,0.0512422360248,0.0295031055901,0.00931677018634,0.0310559006211,0.0652173913043,0.055900621118,0.0931677018634,0.0108695652174,0.0372670807453
B0513.4a,0.125,0.0666666666667,0.0333333333333,0.0166666666667,0.0166666666667,0.0583333333333,0.0166666666667,0.0666666666667,0.05,0.0583333333333,0.025,0.075,0.075,0.075,0.0166666666667,0.05,0.0416666666667,0.05,0.0,0.0833333333333
B0464.1.1,0.0790960451977,0.00941619585687,0.0621468926554,0.075329566855,0.0508474576271,0.0564971751412,0.0225988700565,0.0564971751412,0.0772128060264,0.0809792843691,0.030131826742,0.0433145009416,0.045197740113,0.0527306967985,0.0470809792844,0.060263653484,0.0414312617702,0.0715630885122,0.00188323917137,0.0357815442561
B0464.7,0.0898876404494,0.0224719101124,0.0674157303371,0.0786516853933,0.0674157303371,0.0898876404494,0.0224719101124,0.0337078651685,0.0898876404494,0.0898876404494,0.0337078651685,0.0337078651685,0.0224719101124,0.0224719101124,0.0112359550562,0.0224719101124,0.0898876404494,0.0561797752809,0.0224719101124,0.0337078651685
C03G5.1,0.0990712074303,0.0139318885449,0.0634674922601,0.0541795665635,0.0263157894737,0.0990712074303,0.0356037151703,0.0479876160991,0.046439628483,0.0835913312693,0.0232198142415,0.0510835913313,0.0325077399381,0.0294117647059,0.0603715170279,0.0572755417957,0.0603715170279,0.0712074303406,0.00928792569659,0.0356037151703
C01H6.7a.1,0.0676100628931,0.00471698113208,0.064465408805,0.0959119496855,0.0330188679245,0.0566037735849,0.0204402515723,0.0455974842767,0.0738993710692,0.0707547169811,0.0393081761006,0.0534591194969,0.0754716981132,0.0424528301887,0.0503144654088,0.061320754717,0.0518867924528,0.064465408805,0.00157232704403,0.0267295597484
C05G5.4.1,0.10248447205,0.0186335403727,0.0310559006211,0.0496894409938,0.0310559006211,0.124223602484,0.0248447204969,0.0807453416149,0.0683229813665,0.0590062111801,0.0217391304348,0.0590062111801,0.0403726708075,0.0372670807453,0.0372670807453,0.0496894409938,0.0683229813665,0.0776397515528,0.0,0.0186335403727
C02A12.4,0.0883392226148,0.0212014134276,0.0353356890459,0.0282685512367,0.0353356890459,0.0742049469965,0.00706713780919,0.0812720848057,0.0388692579505,0.0565371024735,0.00706713780919,0.0706713780919,0.0459363957597,0.0600706713781,0.0247349823322,0.0848056537102,0.0636042402827,0.0989399293286,0.0247349823322,0.0530035335689
C04F12.4.1,0.103703703704,0.0,0.0518518518519,0.0222222222222,0.0444444444444,0.0518518518519,0.0,0.0592592592593,0.140740740741,0.0740740740741,0.0222222222222,0.0444444444444,0.00740740740741,0.0740740740741,0.0962962962963,0.0222222222222,0.0518518518519,0.118518518519,0.00740740740741,0.00740740740741
C02B10.1.1,0.102625298329,0.0214797136038,0.0596658711217,0.0477326968974,0.0310262529833,0.105011933174,0.0167064439141,0.054892601432,0.0715990453461,0.100238663484,0.0310262529833,0.0429594272076,0.0262529832936,0.0477326968974,0.0429594272076,0.0668257756563,0.0310262529833,0.0477326968974,0.00715990453461,0.0453460620525
C06A1.1,0.0828182941904,0.0123609394314,0.0729295426452,0.0852904820766,0.0420271940667,0.070457354759,0.0123609394314,0.0716934487021,0.0630407911001,0.0865265760198,0.0247218788628,0.044499381953,0.0543881334981,0.0383189122373,0.0667490729295,0.0519159456119,0.0395550061805,0.0642768850433,0.00247218788628,0.0135970333745
C01G6.6a.1,0.058651026393,0.0175953079179,0.074780058651,0.074780058651,0.0469208211144,0.0557184750733,0.0117302052786,0.0601173020528,0.074780058651,0.112903225806,0.0234604105572,0.0381231671554,0.0557184750733,0.0322580645161,0.058651026393,0.0703812316716,0.0454545454545,0.0601173020528,0.00733137829912,0.0205278592375
C05D11.12.1,0.0686767169179,0.0150753768844,0.0552763819095,0.0636515912898,0.0301507537688,0.107202680067,0.0268006700168,0.0586264656616,0.0686767169179,0.0787269681742,0.0117252931323,0.0402010050251,0.0552763819095,0.0402010050251,0.0402010050251,0.0519262981575,0.0519262981575,0.0837520938023,0.0150753768844,0.036850921273
C01G5.5,0.0627177700348,0.0104529616725,0.0522648083624,0.0905923344948,0.0313588850174,0.0487804878049,0.0278745644599,0.0557491289199,0.0836236933798,0.121951219512,0.0174216027875,0.0592334494774,0.0383275261324,0.0209059233449,0.0487804878049,0.0557491289199,0.0487804878049,0.0592334494774,0.0104529616725,0.0557491289199
B0547.1,0.0788043478261,0.0135869565217,0.0625,0.0652173913043,0.0326086956522,0.0625,0.0244565217391,0.0570652173913,0.0625,0.070652173913,0.0271739130435,0.0489130434783,0.054347826087,0.0516304347826,0.0353260869565,0.0842391304348,0.0380434782609,0.0760869565217,0.0190217391304,0.0353260869565
C04C11.2.1,0.0565068493151,0.0102739726027,0.0462328767123,0.116438356164,0.027397260274,0.0650684931507,0.0291095890411,0.0684931506849,0.0736301369863,0.0753424657534,0.0102739726027,0.0222602739726,0.0684931506849,0.0205479452055,0.0325342465753,0.0616438356164,0.111301369863,0.0736301369863,0.00513698630137,0.0256849315068
C03C10.1.1,0.049853372434,0.00879765395894,0.0469208211144,0.0469208211144,0.0469208211144,0.0821114369501,0.0263929618768,0.058651026393,0.0674486803519,0.0879765395894,0.0381231671554,0.0381231671554,0.0410557184751,0.0410557184751,0.0703812316716,0.058651026393,0.0703812316716,0.0557184750733,0.00879765395894,0.0557184750733
C01B10.8.1,0.0655487804878,0.0137195121951,0.0640243902439,0.0609756097561,0.0457317073171,0.0609756097561,0.0213414634146,0.0685975609756,0.0716463414634,0.0853658536585,0.0243902439024,0.047256097561,0.0503048780488,0.0381097560976,0.0457317073171,0.0716463414634,0.0503048780488,0.077743902439,0.00762195121951,0.0289634146341
C01G10.8.1,0.0555555555556,0.0,0.0584795321637,0.0877192982456,0.0526315789474,0.0730994152047,0.0175438596491,0.0672514619883,0.0818713450292,0.0555555555556,0.0116959064327,0.0614035087719,0.0321637426901,0.0321637426901,0.0438596491228,0.0730994152047,0.0818713450292,0.0701754385965,0.0263157894737,0.0175438596491
C02F5.3,0.0655737704918,0.0191256830601,0.0464480874317,0.068306010929,0.0218579234973,0.0819672131148,0.0355191256831,0.0792349726776,0.0819672131148,0.0983606557377,0.0355191256831,0.0355191256831,0.0327868852459,0.0382513661202,0.0437158469945,0.0464480874317,0.0546448087432,0.0737704918033,0.00546448087432,0.0355191256831
C01G8.5b,0.0762411347518,0.00531914893617,0.072695035461,0.0921985815603,0.0283687943262,0.0372340425532,0.0283687943262,0.0460992907801,0.0744680851064,0.0904255319149,0.0336879432624,0.040780141844,0.0230496453901,0.0744680851064,0.0780141843972,0.0390070921986,0.0585106382979,0.0549645390071,0.0106382978723,0.0354609929078
C02C6.1b,0.0644391408115,0.00715990453461,0.063245823389,0.0692124105012,0.0346062052506,0.0668257756563,0.0190930787589,0.063245823389,0.0644391408115,0.090692124105,0.0346062052506,0.0429594272076,0.0715990453461,0.0536992840095,0.0680190930788,0.0536992840095,0.0429594272076,0.0584725536993,0.00596658711217,0.0250596658711
C04C11.1a.1,0.064406779661,0.0101694915254,0.0677966101695,0.071186440678,0.0237288135593,0.0271186440678,0.0305084745763,0.0508474576271,0.0305084745763,0.0610169491525,0.0237288135593,0.0440677966102,0.0677966101695,0.0440677966102,0.108474576271,0.071186440678,0.0677966101695,0.0677966101695,0.0271186440678,0.0406779661017
C02F5.9,0.0891472868217,0.015503875969,0.0581395348837,0.0697674418605,0.0426356589147,0.0697674418605,0.0193798449612,0.0813953488372,0.0426356589147,0.0813953488372,0.0387596899225,0.0348837209302,0.0348837209302,0.031007751938,0.0658914728682,0.0736434108527,0.0542635658915,0.046511627907,0.0077519379845,0.0426356589147
C02D5.4,0.0866141732283,0.00393700787402,0.0629921259843,0.0590551181102,0.0393700787402,0.0629921259843,0.0196850393701,0.0590551181102,0.0708661417323,0.0748031496063,0.00787401574803,0.0433070866142,0.0944881889764,0.0393700787402,0.0314960629921,0.0551181102362,0.0314960629921,0.0708661417323,0.0157480314961,0.0708661417323
C01F6.6b,0.0493421052632,0.00493421052632,0.0608552631579,0.0657894736842,0.0164473684211,0.0427631578947,0.0509868421053,0.0476973684211,0.0476973684211,0.0641447368421,0.0197368421053,0.0361842105263,0.0707236842105,0.0361842105263,0.0657894736842,0.126644736842,0.0822368421053,0.0674342105263,0.00986842105263,0.0345394736842
C01G6.3.1,0.0387596899225,0.0258397932817,0.0594315245478,0.0749354005168,0.0749354005168,0.046511627907,0.0180878552972,0.0568475452196,0.0439276485788,0.0826873385013,0.0232558139535,0.0568475452196,0.0439276485788,0.046511627907,0.0516795865633,0.0594315245478,0.0826873385013,0.0568475452196,0.00516795865633,0.0516795865633
C04F6.1,0.0517779164067,0.0124766063631,0.0361821584529,0.106674984404,0.0436681222707,0.0268247036806,0.0168434185901,0.0573923892701,0.0792264504055,0.0867124142233,0.0230817217717,0.0480349344978,0.0386774797255,0.061135371179,0.0598877105427,0.0704928259513,0.0630068621335,0.0742358078603,0.0093574547723,0.0343106674984
C03C10.3,0.0761154855643,0.010498687664,0.0682414698163,0.112860892388,0.0761154855643,0.0367454068241,0.0183727034121,0.0682414698163,0.0761154855643,0.0866141732283,0.0288713910761,0.0577427821522,0.0183727034121,0.0341207349081,0.0419947506562,0.0629921259843,0.0314960629921,0.0524934383202,0.0157480314961,0.0262467191601
C09G9.6,0.108108108108,0.017199017199,0.04914004914,0.046683046683,0.034398034398,0.0540540540541,0.031941031941,0.034398034398,0.044226044226,0.0909090909091,0.039312039312,0.0565110565111,0.0933660933661,0.0565110565111,0.041769041769,0.0835380835381,0.0515970515971,0.034398034398,0.00982800982801,0.022113022113
C08B11.7.1,0.0560747663551,0.00934579439252,0.0654205607477,0.102803738318,0.0404984423676,0.0529595015576,0.0155763239875,0.0654205607477,0.0747663551402,0.102803738318,0.0342679127726,0.0716510903427,0.0280373831776,0.0591900311526,0.0436137071651,0.0342679127726,0.0529595015576,0.0467289719626,0.00934579439252,0.0342679127726
C10H11.9,0.0690537084399,0.0119352088662,0.0699062233589,0.1031543052,0.0332480818414,0.0341005967604,0.0264279624893,0.0485933503836,0.0895140664962,0.0843989769821,0.0323955669224,0.0511508951407,0.0255754475703,0.0468883205456,0.0664961636829,0.0724637681159,0.0451832907076,0.0537084398977,0.0102301790281,0.0255754475703
C14F11.4a,0.0572916666667,0.00260416666667,0.0494791666667,0.0729166666667,0.0078125,0.0286458333333,0.0260416666667,0.0729166666667,0.078125,0.0911458333333,0.015625,0.0494791666667,0.0729166666667,0.046875,0.0729166666667,0.119791666667,0.0625,0.0442708333333,0.0,0.0286458333333
C07G2.3a.1,0.10332103321,0.00922509225092,0.0719557195572,0.0811808118081,0.029520295203,0.0645756457565,0.0166051660517,0.0793357933579,0.0738007380074,0.0922509225092,0.0313653136531,0.029520295203,0.0332103321033,0.0369003690037,0.0553505535055,0.0553505535055,0.0516605166052,0.0738007380074,0.00369003690037,0.00738007380074
C09B8.6a,0.0365296803653,0.0,0.0502283105023,0.0913242009132,0.0365296803653,0.0502283105023,0.027397260274,0.0319634703196,0.041095890411,0.0730593607306,0.027397260274,0.0639269406393,0.0867579908676,0.0365296803653,0.0913242009132,0.0867579908676,0.0730593607306,0.0456621004566,0.0,0.0502283105023
C18G1.4a,0.0865800865801,0.00577200577201,0.0562770562771,0.0808080808081,0.046176046176,0.0880230880231,0.010101010101,0.049062049062,0.0634920634921,0.0952380952381,0.011544011544,0.036075036075,0.044733044733,0.041847041847,0.044733044733,0.103896103896,0.046176046176,0.0649350649351,0.00721500721501,0.017316017316
C14F11.5b,0.0330788804071,0.00254452926209,0.0916030534351,0.0534351145038,0.0407124681934,0.0483460559796,0.027989821883,0.0407124681934,0.0330788804071,0.0458015267176,0.0254452926209,0.0687022900763,0.058524173028,0.0330788804071,0.124681933842,0.106870229008,0.058524173028,0.0458015267176,0.027989821883,0.0330788804071
C18E3.7a,0.0810514786418,0.0120481927711,0.0449069003286,0.0591456736035,0.0536692223439,0.0591456736035,0.0197152245345,0.0569550930997,0.0887185104053,0.0711938663746,0.0219058050383,0.0580503833516,0.0449069003286,0.0460021905805,0.0460021905805,0.0470974808324,0.0733844468784,0.0733844468784,0.00328587075575,0.039430449069
C18B2.4,0.0777027027027,0.00675675675676,0.0236486486486,0.0337837837838,0.0472972972973,0.0945945945946,0.0135135135135,0.027027027027,0.0405405405405,0.0608108108108,0.027027027027,0.0608108108108,0.138513513514,0.0912162162162,0.0236486486486,0.0506756756757,0.0574324324324,0.0439189189189,0.00675675675676,0.0743243243243
C13G3.3c,0.0543657331137,0.00988467874794,0.0609555189456,0.0807248764415,0.0560131795717,0.0411861614498,0.0230642504119,0.0609555189456,0.0807248764415,0.0873146622735,0.0313014827018,0.0543657331137,0.0609555189456,0.0444810543657,0.0543657331137,0.0691927512356,0.0395387149918,0.0543657331137,0.00823723228995,0.0280065897858
C07A9.2.1,0.0748299319728,0.0680272108844,0.0340136054422,0.102040816327,0.0340136054422,0.047619047619,0.0340136054422,0.0544217687075,0.0952380952381,0.0612244897959,0.0204081632653,0.0272108843537,0.0408163265306,0.0204081632653,0.0816326530612,0.047619047619,0.047619047619,0.047619047619,0.0204081632653,0.0408163265306
C18E3.6a.1,0.0634573304158,0.0218818380744,0.0568927789934,0.0700218818381,0.0328227571116,0.0568927789934,0.0240700218818,0.0722100656455,0.089715536105,0.0765864332604,0.0240700218818,0.0590809628009,0.0525164113786,0.0262582056893,0.035010940919,0.0765864332604,0.0568927789934,0.0678336980306,0.0131291028446,0.0240700218818
C14F11.1a.1,0.0942028985507,0.00724637681159,0.0579710144928,0.0410628019324,0.0458937198068,0.0748792270531,0.024154589372,0.0676328502415,0.0772946859903,0.0724637681159,0.0169082125604,0.0434782608696,0.0410628019324,0.0410628019324,0.0434782608696,0.0724637681159,0.0531400966184,0.0797101449275,0.0144927536232,0.0314009661836
C15H9.6a.1,0.071104387292,0.00302571860817,0.0801815431165,0.0983358547655,0.0332829046899,0.0801815431165,0.00907715582451,0.0650529500756,0.101361573374,0.0741301059002,0.0151285930408,0.0499243570348,0.0332829046899,0.036308623298,0.036308623298,0.0438729198185,0.0635400907716,0.0801815431165,0.00302571860817,0.0226928895613
C17G10.2,0.0668257756563,0.0143198090692,0.0930787589499,0.112171837709,0.0453460620525,0.0262529832936,0.0214797136038,0.0286396181384,0.112171837709,0.100238663484,0.035799522673,0.0405727923628,0.0405727923628,0.0334128878282,0.0477326968974,0.0525059665871,0.0453460620525,0.0405727923628,0.0143198090692,0.0286396181384
C14A4.14,0.0502392344498,0.00478468899522,0.0861244019139,0.0837320574163,0.0526315789474,0.0598086124402,0.0167464114833,0.0334928229665,0.0789473684211,0.0837320574163,0.00956937799043,0.0478468899522,0.0406698564593,0.0430622009569,0.0980861244019,0.0622009569378,0.0502392344498,0.0693779904306,0.011961722488,0.0167464114833
C18C4.10b.1,0.0907407407407,0.0111111111111,0.05,0.0944444444444,0.0148148148148,0.0611111111111,0.0203703703704,0.0296296296296,0.0796296296296,0.105555555556,0.0296296296296,0.0592592592593,0.0333333333333,0.0740740740741,0.0425925925926,0.0611111111111,0.0592592592593,0.0481481481481,0.00555555555556,0.0296296296296
C09G12.9,0.108235294118,0.0164705882353,0.04,0.0447058823529,0.0235294117647,0.0588235294118,0.0117647058824,0.0423529411765,0.0517647058824,0.0611764705882,0.0329411764706,0.0282352941176,0.0964705882353,0.0470588235294,0.0541176470588,0.101176470588,0.0752941176471,0.0470588235294,0.00470588235294,0.0541176470588
C11D2.4,0.0959302325581,0.0145348837209,0.0755813953488,0.0755813953488,0.046511627907,0.0755813953488,0.0203488372093,0.0552325581395,0.0726744186047,0.093023255814,0.0145348837209,0.0377906976744,0.0261627906977,0.0261627906977,0.0436046511628,0.0610465116279,0.0232558139535,0.0901162790698,0.0145348837209,0.0377906976744
C08B6.9,0.0612244897959,0.0145772594752,0.0524781341108,0.0874635568513,0.0583090379009,0.0612244897959,0.0204081632653,0.067055393586,0.069970845481,0.0758017492711,0.0233236151603,0.0612244897959,0.0320699708455,0.0204081632653,0.0379008746356,0.067055393586,0.0583090379009,0.0845481049563,0.0116618075802,0.0349854227405
C14B1.1.1,0.111340206186,0.00824742268041,0.0701030927835,0.0969072164948,0.0556701030928,0.0453608247423,0.0123711340206,0.0412371134021,0.0845360824742,0.0865979381443,0.0020618556701,0.0432989690722,0.0309278350515,0.0226804123711,0.0185567010309,0.0721649484536,0.059793814433,0.0969072164948,0.0144329896907,0.0268041237113
C12D8.10b.1,0.0604395604396,0.018315018315,0.0659340659341,0.0879120879121,0.0586080586081,0.0622710622711,0.025641025641,0.0549450549451,0.0659340659341,0.0805860805861,0.03663003663,0.0384615384615,0.043956043956,0.03663003663,0.0586080586081,0.0586080586081,0.0549450549451,0.0457875457875,0.0128205128205,0.032967032967
C09H10.6,0.104712041885,0.00523560209424,0.0890052356021,0.159685863874,0.0157068062827,0.0628272251309,0.0104712041885,0.0497382198953,0.0837696335079,0.0811518324607,0.0157068062827,0.0392670157068,0.0183246073298,0.0392670157068,0.0340314136126,0.065445026178,0.0575916230366,0.0418848167539,0.00523560209424,0.020942408377
C06E7.3a.1,0.0816831683168,0.019801980198,0.0767326732673,0.0519801980198,0.0272277227723,0.0841584158416,0.0346534653465,0.0668316831683,0.0693069306931,0.0841584158416,0.0222772277228,0.029702970297,0.049504950495,0.0321782178218,0.0371287128713,0.0668316831683,0.049504950495,0.0816831683168,0.00990099009901,0.0247524752475
C18E3.2.1,0.0512249443207,0.0133630289532,0.0556792873051,0.0846325167038,0.0400890868597,0.0423162583519,0.0334075723831,0.0512249443207,0.0779510022272,0.0846325167038,0.0334075723831,0.0334075723831,0.0846325167038,0.0734966592428,0.0712694877506,0.0467706013363,0.0423162583519,0.0445434298441,0.00890868596882,0.0267260579065
C18A3.5a,0.0588235294118,0.00245098039216,0.0563725490196,0.046568627451,0.0441176470588,0.129901960784,0.0220588235294,0.031862745098,0.0490196078431,0.0367647058824,0.0196078431373,0.0759803921569,0.0343137254902,0.0882352941176,0.0441176470588,0.078431372549,0.0563725490196,0.0514705882353,0.0171568627451,0.0563725490196
C07G1.5.1,0.0891632373114,0.0192043895748,0.0493827160494,0.076817558299,0.0205761316872,0.0466392318244,0.0356652949246,0.0260631001372,0.0562414266118,0.0576131687243,0.0356652949246,0.0452674897119,0.0562414266118,0.137174211248,0.0493827160494,0.0644718792867,0.0356652949246,0.0466392318244,0.0082304526749,0.0438957475995
C06H2.1.1,0.109947643979,0.00523560209424,0.0680628272251,0.0837696335079,0.0366492146597,0.0314136125654,0.0366492146597,0.0314136125654,0.0942408376963,0.0785340314136,0.00523560209424,0.0366492146597,0.0628272251309,0.0418848167539,0.0523560209424,0.0523560209424,0.020942408377,0.0942408376963,0.0157068062827,0.0418848167539
C15H11.7,0.10162601626,0.0162601626016,0.0609756097561,0.0569105691057,0.0284552845528,0.0609756097561,0.0121951219512,0.0609756097561,0.0853658536585,0.0691056910569,0.0243902439024,0.0325203252033,0.0284552845528,0.0487804878049,0.0406504065041,0.0813008130081,0.0528455284553,0.0894308943089,0.00406504065041,0.0447154471545
C12D8.11.1,0.0793157076205,0.0171073094868,0.0590979782271,0.0808709175739,0.0342146189736,0.0513219284603,0.0233281493002,0.0559875583204,0.0699844479005,0.0886469673406,0.0357698289269,0.0482115085537,0.0326594090202,0.0326594090202,0.0622083981337,0.0622083981337,0.0606531881804,0.0668740279938,0.0139968895801,0.0248833592535
C07H6.5,0.0651162790698,0.0209302325581,0.0558139534884,0.0604651162791,0.0372093023256,0.0604651162791,0.0279069767442,0.0767441860465,0.0627906976744,0.102325581395,0.0279069767442,0.046511627907,0.0348837209302,0.0604651162791,0.0604651162791,0.0325581395349,0.0697674418605,0.0674418604651,0.0046511627907,0.0255813953488
C09H10.3,0.0876826722338,0.035490605428,0.0459290187891,0.062630480167,0.0375782881002,0.114822546973,0.0208768267223,0.0605427974948,0.0647181628392,0.0751565762004,0.0313152400835,0.0396659707724,0.0438413361169,0.0334029227557,0.0584551148225,0.0417536534447,0.0417536534447,0.062630480167,0.0187891440501,0.0229645093946
C17G10.8,0.107655502392,0.011961722488,0.0526315789474,0.0622009569378,0.0454545454545,0.0789473684211,0.0215311004785,0.0622009569378,0.1004784689,0.0885167464115,0.0358851674641,0.0358851674641,0.0454545454545,0.00956937799043,0.0311004784689,0.0526315789474,0.0789473684211,0.0502392344498,0.00717703349282,0.0215311004785
C16A3.10.1,0.085308056872,0.0236966824645,0.0545023696682,0.0545023696682,0.0450236966825,0.0734597156398,0.0165876777251,0.0450236966825,0.0924170616114,0.0947867298578,0.0165876777251,0.0521327014218,0.0473933649289,0.0260663507109,0.0331753554502,0.0568720379147,0.0355450236967,0.101895734597,0.00947867298578,0.0355450236967
C16A3.4.1,0.064,0.032,0.088,0.08,0.0426666666667,0.0533333333333,0.032,0.0186666666667,0.096,0.0746666666667,0.024,0.0373333333333,0.0533333333333,0.0346666666667,0.064,0.056,0.048,0.056,0.0106666666667,0.0346666666667
C08F11.11.1,0.0990990990991,0.0540540540541,0.0630630630631,0.0540540540541,0.00900900900901,0.045045045045,0.036036036036,0.036036036036,0.0540540540541,0.0720720720721,0.018018018018,0.0630630630631,0.036036036036,0.00900900900901,0.036036036036,0.117117117117,0.0810810810811,0.0900900900901,0.0,0.027027027027
C07D8.6,0.104100946372,0.00630914826498,0.0536277602524,0.0820189274448,0.0378548895899,0.0536277602524,0.0315457413249,0.0441640378549,0.0662460567823,0.107255520505,0.0157728706625,0.0410094637224,0.0441640378549,0.0441640378549,0.0347003154574,0.0662460567823,0.0567823343849,0.0694006309148,0.0157728706625,0.0252365930599
C06G3.9.1,0.0789115646259,0.0163265306122,0.0612244897959,0.0748299319728,0.0272108843537,0.0503401360544,0.0190476190476,0.0585034013605,0.0816326530612,0.118367346939,0.0149659863946,0.0394557823129,0.0231292517007,0.0489795918367,0.0380952380952,0.0965986394558,0.0612244897959,0.0680272108844,0.00680272108844,0.0163265306122
C14B1.4.1,0.0771276595745,0.031914893617,0.061170212766,0.031914893617,0.0292553191489,0.0691489361702,0.0239361702128,0.063829787234,0.063829787234,0.0585106382979,0.0159574468085,0.061170212766,0.0585106382979,0.0345744680851,0.0212765957447,0.125,0.0718085106383,0.0585106382979,0.0212765957447,0.0212765957447
C18A11.7a,0.0625,0.015625,0.0625,0.0703125,0.04375,0.0484375,0.0171875,0.05,0.096875,0.065625,0.0171875,0.0609375,0.05625,0.0484375,0.040625,0.090625,0.075,0.0421875,0.0046875,0.03125
C08A9.10,0.0431654676259,0.0935251798561,0.0575539568345,0.0503597122302,0.0431654676259,0.0503597122302,0.0431654676259,0.0431654676259,0.0431654676259,0.0503597122302,0.0287769784173,0.0647482014388,0.0575539568345,0.0503597122302,0.0503597122302,0.0575539568345,0.0575539568345,0.0575539568345,0.0215827338129,0.0359712230216
C06G3.2,0.0611587982833,0.0107296137339,0.049356223176,0.109442060086,0.0182403433476,0.0364806866953,0.019313304721,0.0482832618026,0.0847639484979,0.108369098712,0.0236051502146,0.0472103004292,0.0160944206009,0.0600858369099,0.0643776824034,0.106223175966,0.0579399141631,0.0547210300429,0.00321888412017,0.0203862660944
C09H10.2.1,0.0285714285714,0.047619047619,0.0190476190476,0.0380952380952,0.0571428571429,0.0857142857143,0.0380952380952,0.0380952380952,0.209523809524,0.0285714285714,0.0190476190476,0.0190476190476,0.0285714285714,0.0761904761905,0.104761904762,0.0285714285714,0.0666666666667,0.047619047619,0.0,0.0190476190476
C42D8.2a.1,0.0557966522009,0.0111593304402,0.0334779913205,0.112833230006,0.0390576565406,0.026658400496,0.0154990700558,0.0595164290143,0.0750154990701,0.0874147551147,0.024178549287,0.0464972101674,0.0365778053317,0.0675759454433,0.0638561686299,0.0725356478611,0.0582765034098,0.06943583385,0.00681959082455,0.0378177309361
C34B2.7.1,0.08125,0.01875,0.0625,0.0546875,0.03125,0.0984375,0.0328125,0.0515625,0.0515625,0.075,0.0265625,0.05,0.0359375,0.0421875,0.05625,0.053125,0.065625,0.0671875,0.009375,0.0359375
C41G7.1b,0.0869565217391,0.0048309178744,0.0676328502415,0.0676328502415,0.0193236714976,0.0628019323671,0.00966183574879,0.048309178744,0.0869565217391,0.0386473429952,0.0579710144928,0.0628019323671,0.048309178744,0.0386473429952,0.0048309178744,0.0869565217391,0.0676328502415,0.0676328502415,0.024154589372,0.048309178744
C25A8.4,0.0543580131209,0.020618556701,0.0552952202437,0.0571696344892,0.0421743205248,0.0609184629803,0.0299906279288,0.0571696344892,0.0693533270853,0.087160262418,0.0281162136832,0.0487347703843,0.0402999062793,0.0346766635426,0.0468603561387,0.0834114339269,0.0609184629803,0.0749765698219,0.0131208997188,0.0346766635426
C32F10.8a.1,0.077380952381,0.0198412698413,0.0376984126984,0.0674603174603,0.047619047619,0.0753968253968,0.0178571428571,0.0734126984127,0.0694444444444,0.0714285714286,0.031746031746,0.0496031746032,0.047619047619,0.047619047619,0.0357142857143,0.0734126984127,0.0436507936508,0.0694444444444,0.00396825396825,0.0396825396825
C41C4.8.1,0.0888888888889,0.0123456790123,0.0740740740741,0.0827160493827,0.0432098765432,0.0740740740741,0.0123456790123,0.0666666666667,0.062962962963,0.0876543209877,0.0259259259259,0.0481481481481,0.0506172839506,0.0333333333333,0.0679012345679,0.0481481481481,0.0395061728395,0.0654320987654,0.00246913580247,0.0135802469136
C44B7.5,0.0720338983051,0.0254237288136,0.0635593220339,0.0550847457627,0.0423728813559,0.0762711864407,0.0338983050847,0.0677966101695,0.0974576271186,0.0932203389831,0.0466101694915,0.0677966101695,0.00847457627119,0.00847457627119,0.0338983050847,0.0720338983051,0.0593220338983,0.0423728813559,0.00847457627119,0.0254237288136
C47E8.5.1,0.0626780626781,0.011396011396,0.0712250712251,0.122507122507,0.042735042735,0.042735042735,0.011396011396,0.0641025641026,0.109686609687,0.0783475783476,0.02849002849,0.042735042735,0.025641025641,0.0270655270655,0.037037037037,0.0698005698006,0.042735042735,0.0712250712251,0.00569800569801,0.0327635327635
C36E8.5.1,0.0711111111111,0.0177777777778,0.0577777777778,0.08,0.0488888888889,0.0822222222222,0.02,0.0355555555556,0.0355555555556,0.0755555555556,0.0422222222222,0.0533333333333,0.0422222222222,0.0488888888889,0.0488888888889,0.0555555555556,0.0644444444444,0.0711111111111,0.00888888888889,0.04
C44C10.9b,0.0641025641026,0.0299145299145,0.0598290598291,0.0854700854701,0.0299145299145,0.0854700854701,0.00854700854701,0.0470085470085,0.0555555555556,0.0811965811966,0.017094017094,0.0555555555556,0.0299145299145,0.0299145299145,0.0726495726496,0.0683760683761,0.0470085470085,0.042735042735,0.0042735042735,0.0854700854701
C47B2.3.1,0.0736607142857,0.0223214285714,0.0580357142857,0.0803571428571,0.046875,0.0758928571429,0.0245535714286,0.0535714285714,0.0401785714286,0.0691964285714,0.0223214285714,0.0424107142857,0.046875,0.0267857142857,0.0491071428571,0.0625,0.0714285714286,0.078125,0.00892857142857,0.046875
C30B5.4,0.0728476821192,0.00662251655629,0.0860927152318,0.105960264901,0.023178807947,0.0562913907285,0.0198675496689,0.0596026490066,0.158940397351,0.0562913907285,0.0198675496689,0.0430463576159,0.0298013245033,0.023178807947,0.0662251655629,0.0364238410596,0.0198675496689,0.0562913907285,0.023178807947,0.0364238410596
C37C3.6b.1,0.0659898477157,0.079833871712,0.0599907706507,0.0766035994462,0.0387632671897,0.0895246885095,0.0179972311952,0.0221504383941,0.0484540839871,0.0447623442547,0.00830641439778,0.0502999538533,0.0599907706507,0.0484540839871,0.0461467466544,0.073834794647,0.0696815874481,0.0502999538533,0.0147669589294,0.0341485925242
C44B12.5,0.14501510574,0.02416918429,0.0725075528701,0.0302114803625,0.02416918429,0.0845921450151,0.0211480362538,0.00604229607251,0.0422960725076,0.0453172205438,0.00604229607251,0.0543806646526,0.102719033233,0.0392749244713,0.0453172205438,0.0815709969789,0.0543806646526,0.0604229607251,0.0211480362538,0.0392749244713
C25F6.2a,0.0506721820062,0.00517063081696,0.0486039296794,0.0692864529473,0.0248190279214,0.0837642192347,0.0341261633919,0.0579110651499,0.0372285418821,0.0806618407446,0.0113753877973,0.0734229576008,0.0444674250259,0.0455015511892,0.071354705274,0.101344364012,0.0568769389866,0.0682523267839,0.00620475698035,0.028955532575
C27H6.4b,0.10582010582,0.010582010582,0.0687830687831,0.0873015873016,0.0291005291005,0.0502645502646,0.0132275132275,0.0449735449735,0.0899470899471,0.0899470899471,0.0185185185185,0.031746031746,0.021164021164,0.0238095238095,0.0529100529101,0.0820105820106,0.0793650793651,0.0396825396825,0.0238095238095,0.037037037037
C49F5.1.1,0.0843672456576,0.0124069478908,0.0595533498759,0.0645161290323,0.029776674938,0.0818858560794,0.0372208436725,0.0694789081886,0.0719602977667,0.0794044665012,0.0173697270471,0.0198511166253,0.0521091811414,0.0272952853598,0.0322580645161,0.0694789081886,0.0719602977667,0.0893300248139,0.00992555831266,0.0198511166253
C27H6.8,0.0705882352941,0.0117647058824,0.0735294117647,0.0705882352941,0.0588235294118,0.0794117647059,0.0352941176471,0.0823529411765,0.05,0.0647058823529,0.0235294117647,0.05,0.0294117647059,0.0382352941176,0.0588235294118,0.0794117647059,0.0323529411765,0.0470588235294,0.0176470588235,0.0264705882353
C37H5.6a,0.0612691466083,0.0131291028446,0.0437636761488,0.074398249453,0.0459518599562,0.107221006565,0.019693654267,0.0678336980306,0.0678336980306,0.0722100656455,0.0109409190372,0.0525164113786,0.0328227571116,0.0328227571116,0.0481400437637,0.0590809628009,0.0590809628009,0.0919037199125,0.0109409190372,0.0284463894967
C53D5.6,0.0924908424908,0.0247252747253,0.0631868131868,0.0970695970696,0.0375457875458,0.0494505494505,0.0210622710623,0.0732600732601,0.0512820512821,0.104395604396,0.032967032967,0.0430402930403,0.0375457875458,0.03663003663,0.0357142857143,0.0512820512821,0.0457875457875,0.0668498168498,0.00824175824176,0.0274725274725
C45G9.5,0.0537974683544,0.00632911392405,0.0917721518987,0.0727848101266,0.0664556962025,0.0696202531646,0.0158227848101,0.0632911392405,0.0854430379747,0.0696202531646,0.0316455696203,0.0443037974684,0.0379746835443,0.0284810126582,0.0474683544304,0.0632911392405,0.0601265822785,0.0506329113924,0.0126582278481,0.0284810126582
C39E9.13,0.0564971751412,0.0254237288136,0.0395480225989,0.0875706214689,0.0282485875706,0.0367231638418,0.0225988700565,0.0706214689266,0.0790960451977,0.11581920904,0.0282485875706,0.0282485875706,0.0480225988701,0.0423728813559,0.0593220338983,0.0734463276836,0.0423728813559,0.0847457627119,0.00564971751412,0.0254237288136
C47E12.5a.1,0.0790655884996,0.0143755615454,0.0610961365678,0.0826594788859,0.0494159928122,0.0655884995508,0.0215633423181,0.0512129380054,0.0566037735849,0.0835579514825,0.0197663971249,0.0539083557951,0.0404312668464,0.0386343216532,0.047619047619,0.0655884995508,0.0610961365678,0.0718778077269,0.010781671159,0.0251572327044
C50B6.2,0.125429553265,0.00171821305842,0.0841924398625,0.170103092784,0.0171821305842,0.0360824742268,0.0103092783505,0.0463917525773,0.0721649484536,0.053264604811,0.0171821305842,0.0343642611684,0.0309278350515,0.0309278350515,0.0223367697595,0.0790378006873,0.073883161512,0.0876288659794,0.00343642611684,0.00343642611684
C23G10.8,0.059765208111,0.0128068303095,0.051227321238,0.0907150480256,0.0234791889007,0.0448239060832,0.0202774813234,0.051227321238,0.0608324439701,0.115261472785,0.0384204909285,0.0373532550694,0.0618996798292,0.0405549626467,0.0661686232657,0.08537886873,0.0576307363927,0.0405549626467,0.0128068303095,0.0288153681964
C50F2.3,0.0795321637427,0.0198830409357,0.0608187134503,0.0947368421053,0.0315789473684,0.0385964912281,0.0198830409357,0.0584795321637,0.0608187134503,0.0690058479532,0.0362573099415,0.046783625731,0.0315789473684,0.046783625731,0.0690058479532,0.0514619883041,0.0456140350877,0.0701754385965,0.0187134502924,0.0502923976608
C46C2.5,0.0403587443946,0.0313901345291,0.0538116591928,0.0582959641256,0.067264573991,0.0448430493274,0.00448430493274,0.085201793722,0.085201793722,0.134529147982,0.0269058295964,0.0807174887892,0.0134529147982,0.0179372197309,0.0179372197309,0.121076233184,0.0403587443946,0.0448430493274,0.0,0.0313901345291
C54D1.5,0.0728720146969,0.0606246172688,0.0704225352113,0.0875688916105,0.0336803429271,0.0691977954685,0.0183710961421,0.0489895897122,0.053276178812,0.059399877526,0.00673606858543,0.0661359461115,0.0342927127985,0.0606246172688,0.044090630741,0.0673606858543,0.056338028169,0.0514390691978,0.00979791794244,0.0287813839559
C37E2.1.1,0.0817941952507,0.0105540897098,0.0448548812665,0.065963060686,0.0369393139842,0.0791556728232,0.023746701847,0.0738786279683,0.0554089709763,0.0844327176781,0.0263852242744,0.0448548812665,0.0369393139842,0.0395778364116,0.0580474934037,0.0633245382586,0.0606860158311,0.089709762533,0.00263852242744,0.0211081794195
C26D10.2a,0.0635294117647,0.0211764705882,0.0705882352941,0.0894117647059,0.0494117647059,0.0588235294118,0.0235294117647,0.0541176470588,0.0729411764706,0.0870588235294,0.0376470588235,0.0235294117647,0.0329411764706,0.0588235294118,0.0611764705882,0.0423529411765,0.0447058823529,0.0823529411765,0.0,0.0258823529412
C36B1.1d,0.0782978723404,0.0127659574468,0.0578723404255,0.0527659574468,0.0417021276596,0.0885106382979,0.0263829787234,0.0425531914894,0.0434042553191,0.0663829787234,0.0136170212766,0.0340425531915,0.0748936170213,0.0510638297872,0.0612765957447,0.0902127659574,0.0595744680851,0.0646808510638,0.0153191489362,0.0246808510638
C23F12.1a,0.0653594771242,0.00925925925926,0.0531045751634,0.0757080610022,0.0291394335512,0.0702614379085,0.0299564270153,0.0588235294118,0.0550108932462,0.0634531590414,0.0130718954248,0.037037037037,0.0765250544662,0.0424836601307,0.0580065359477,0.0792483660131,0.0618191721133,0.0890522875817,0.00544662309368,0.0272331154684
C47B2.6b,0.0716332378223,0.0143266475645,0.054441260745,0.0458452722063,0.0315186246418,0.0945558739255,0.0200573065903,0.0601719197708,0.0630372492837,0.0859598853868,0.0200573065903,0.0601719197708,0.0487106017192,0.0401146131805,0.0229226361032,0.0573065902579,0.0515759312321,0.106017191977,0.0114613180516,0.0401146131805
C27H6.2,0.0840336134454,0.0126050420168,0.0588235294118,0.0924369747899,0.0252100840336,0.063025210084,0.0168067226891,0.0609243697479,0.0735294117647,0.0798319327731,0.0357142857143,0.0252100840336,0.0483193277311,0.0294117647059,0.0609243697479,0.063025210084,0.0504201680672,0.0987394957983,0.0,0.0210084033613
C52E4.4.1,0.0873563218391,0.0183908045977,0.0850574712644,0.0712643678161,0.0298850574713,0.0689655172414,0.016091954023,0.0528735632184,0.0781609195402,0.0896551724138,0.0298850574713,0.032183908046,0.0551724137931,0.0390804597701,0.0689655172414,0.0229885057471,0.0528735632184,0.0735632183908,0.00229885057471,0.0252873563218
C49H3.11.1,0.106617647059,0.0183823529412,0.0257352941176,0.0551470588235,0.0220588235294,0.150735294118,0.0220588235294,0.0477941176471,0.0808823529412,0.0735294117647,0.0110294117647,0.0183823529412,0.0514705882353,0.0220588235294,0.0845588235294,0.0367647058824,0.0661764705882,0.0661764705882,0.0110294117647,0.0294117647059
C45G3.1,0.0539629005059,0.00843170320405,0.0640809443508,0.0817875210793,0.0362563237774,0.0345699831366,0.0202360876897,0.0649241146712,0.0834738617201,0.102023608769,0.0337268128162,0.0522765598651,0.0370994940978,0.0455311973019,0.0556492411467,0.0902192242833,0.0573355817875,0.0615514333895,0.00505902192243,0.0118043844857
C54C6.2,0.0720720720721,0.018018018018,0.0608108108108,0.0743243243243,0.0518018018018,0.0855855855856,0.0202702702703,0.0337837837838,0.036036036036,0.0743243243243,0.045045045045,0.0540540540541,0.0427927927928,0.0472972972973,0.0495495495495,0.0585585585586,0.0585585585586,0.0743243243243,0.00900900900901,0.0337837837838
C50F7.4,0.103614457831,0.0120481927711,0.0602409638554,0.0746987951807,0.0409638554217,0.0867469879518,0.0120481927711,0.0746987951807,0.0795180722892,0.0698795180723,0.0385542168675,0.0530120481928,0.0240963855422,0.033734939759,0.0409638554217,0.0409638554217,0.0433734939759,0.0939759036145,0.00240963855422,0.0144578313253
C42D4.1.1,0.0637450199203,0.00398406374502,0.0836653386454,0.0916334661355,0.0517928286853,0.115537848606,0.0597609561753,0.0398406374502,0.111553784861,0.0557768924303,0.0239043824701,0.0438247011952,0.0278884462151,0.0239043824701,0.0597609561753,0.0478087649402,0.0199203187251,0.0358565737052,0.0119521912351,0.0278884462151
C32A3.2,0.0939947780679,0.00522193211488,0.0574412532637,0.0966057441253,0.0417754569191,0.0574412532637,0.0208877284595,0.0522193211488,0.10182767624,0.0966057441253,0.0182767624021,0.0496083550914,0.0313315926893,0.0522193211488,0.0443864229765,0.0678851174935,0.0287206266319,0.0522193211488,0.0156657963446,0.0156657963446
C29A12.3a,0.0646830530401,0.0142302716688,0.0737386804657,0.0853816300129,0.0401034928849,0.0595084087969,0.00776196636481,0.0517464424321,0.117723156533,0.0763260025873,0.0181112548512,0.0375161707633,0.0426908150065,0.0271668822768,0.0426908150065,0.0802069857697,0.0582147477361,0.0698576972833,0.00388098318241,0.0284605433376
C26D10.1,0.0878734622144,0.00702987697715,0.0615114235501,0.0861159929701,0.0316344463972,0.100175746924,0.02460456942,0.0474516695958,0.0755711775044,0.0702987697715,0.0210896309315,0.0439367311072,0.0386643233743,0.0333919156415,0.0386643233743,0.066783831283,0.0632688927944,0.0755711775044,0.0105448154657,0.0158172231986
C38C3.5a.1,0.0666666666667,0.0181818181818,0.10303030303,0.0545454545455,0.0545454545455,0.0666666666667,0.0121212121212,0.0666666666667,0.109090909091,0.0545454545455,0.030303030303,0.0181818181818,0.0121212121212,0.0424242424242,0.030303030303,0.0969696969697,0.0545454545455,0.0727272727273,0.0,0.0363636363636
