B0041.4,0.104347826087,0.00579710144928,0.0289855072464,0.0347826086957,0.0289855072464,0.0666666666667,0.0289855072464,0.0550724637681,0.0869565217391,0.0753623188406,0.0144927536232,0.0492753623188,0.0521739130435,0.0376811594203,0.104347826087,0.0608695652174,0.0347826086957,0.0927536231884,0.0144927536232,0.0231884057971
B0336.10.1,0.1,0.0214285714286,0.0357142857143,0.0285714285714,0.0428571428571,0.135714285714,0.0,0.0642857142857,0.0928571428571,0.0571428571429,0.0285714285714,0.0571428571429,0.0357142857143,0.0214285714286,0.0857142857143,0.0571428571429,0.0214285714286,0.0928571428571,0.00714285714286,0.0142857142857
B0348.6b.1,0.0717131474104,0.0119521912351,0.0756972111554,0.0557768924303,0.0159362549801,0.0597609561753,0.0159362549801,0.0318725099602,0.0677290836653,0.0956175298805,0.0159362549801,0.0438247011952,0.0597609561753,0.0398406374502,0.0517928286853,0.0756972111554,0.0637450199203,0.0796812749004,0.0358565737052,0.0318725099602
B0365.3.1,0.0753012048193,0.0170682730924,0.0552208835341,0.0652610441767,0.0491967871486,0.0712851405622,0.0140562248996,0.078313253012,0.0542168674699,0.0873493975904,0.0291164658635,0.0401606425703,0.0381526104418,0.0341365461847,0.0451807228916,0.0552208835341,0.066265060241,0.0793172690763,0.0140562248996,0.031124497992
B0513.4a,0.125,0.0666666666667,0.0333333333333,0.0166666666667,0.0166666666667,0.0583333333333,0.0166666666667,0.0666666666667,0.05,0.0583333333333,0.025,0.075,0.075,0.075,0.0166666666667,0.05,0.0416666666667,0.05,0.0,0.0833333333333
B0464.1.1,0.0790960451977,0.00941619585687,0.0621468926554,0.075329566855,0.0508474576271,0.0564971751412,0.0225988700565,0.0564971751412,0.0772128060264,0.0809792843691,0.030131826742,0.0433145009416,0.045197740113,0.0527306967985,0.0470809792844,0.060263653484,0.0414312617702,0.0715630885122,0.00188323917137,0.0357815442561
C02A12.4,0.0883392226148,0.0212014134276,0.0353356890459,0.0282685512367,0.0353356890459,0.0742049469965,0.00706713780919,0.0812720848057,0.0388692579505,0.0565371024735,0.00706713780919,0.0706713780919,0.0459363957597,0.0600706713781,0.0247349823322,0.0848056537102,0.0636042402827,0.0989399293286,0.0247349823322,0.0530035335689
C04F12.4.1,0.103703703704,0.0,0.0518518518519,0.0222222222222,0.0444444444444,0.0518518518519,0.0,0.0592592592593,0.140740740741,0.0740740740741,0.0222222222222,0.0444444444444,0.00740740740741,0.0740740740741,0.0962962962963,0.0222222222222,0.0518518518519,0.118518518519,0.00740740740741,0.00740740740741
C06A1.1,0.0828182941904,0.0123609394314,0.0729295426452,0.0852904820766,0.0420271940667,0.070457354759,0.0123609394314,0.0716934487021,0.0630407911001,0.0865265760198,0.0247218788628,0.044499381953,0.0543881334981,0.0383189122373,0.0667490729295,0.0519159456119,0.0395550061805,0.0642768850433,0.00247218788628,0.0135970333745
C03C10.1.1,0.049853372434,0.00879765395894,0.0469208211144,0.0469208211144,0.0469208211144,0.0821114369501,0.0263929618768,0.058651026393,0.0674486803519,0.0879765395894,0.0381231671554,0.0381231671554,0.0410557184751,0.0410557184751,0.0703812316716,0.058651026393,0.0703812316716,0.0557184750733,0.00879765395894,0.0557184750733
C01B10.8.1,0.0655487804878,0.0137195121951,0.0640243902439,0.0609756097561,0.0457317073171,0.0609756097561,0.0213414634146,0.0685975609756,0.0716463414634,0.0853658536585,0.0243902439024,0.047256097561,0.0503048780488,0.0381097560976,0.0457317073171,0.0716463414634,0.0503048780488,0.077743902439,0.00762195121951,0.0289634146341
C01G10.8.1,0.0555555555556,0.0,0.0584795321637,0.0877192982456,0.0526315789474,0.0730994152047,0.0175438596491,0.0672514619883,0.0818713450292,0.0555555555556,0.0116959064327,0.0614035087719,0.0321637426901,0.0321637426901,0.0438596491228,0.0730994152047,0.0818713450292,0.0701754385965,0.0263157894737,0.0175438596491
C04F6.1,0.0517779164067,0.0124766063631,0.0361821584529,0.106674984404,0.0436681222707,0.0268247036806,0.0168434185901,0.0573923892701,0.0792264504055,0.0867124142233,0.0230817217717,0.0480349344978,0.0386774797255,0.061135371179,0.0598877105427,0.0704928259513,0.0630068621335,0.0742358078603,0.0093574547723,0.0343106674984
C04C3.3,0.127840909091,0.0113636363636,0.0596590909091,0.0596590909091,0.0482954545455,0.0738636363636,0.0227272727273,0.0568181818182,0.0511363636364,0.0681818181818,0.0284090909091,0.0255681818182,0.0454545454545,0.0340909090909,0.0482954545455,0.0625,0.0426136363636,0.0994318181818,0.00852272727273,0.0255681818182
C07G2.3a.1,0.10332103321,0.00922509225092,0.0719557195572,0.0811808118081,0.029520295203,0.0645756457565,0.0166051660517,0.0793357933579,0.0738007380074,0.0922509225092,0.0313653136531,0.029520295203,0.0332103321033,0.0369003690037,0.0553505535055,0.0553505535055,0.0516605166052,0.0738007380074,0.00369003690037,0.00738007380074
C13B4.2,0.0613496932515,0.0163599182004,0.0654396728016,0.0940695296524,0.038854805726,0.0470347648262,0.0122699386503,0.0490797546012,0.0858895705521,0.0858895705521,0.0306748466258,0.0490797546012,0.0429447852761,0.0470347648262,0.0511247443763,0.0572597137014,0.0552147239264,0.0715746421268,0.0143149284254,0.0245398773006
C17H12.14,0.0796460176991,0.0132743362832,0.0442477876106,0.110619469027,0.0353982300885,0.0575221238938,0.00884955752212,0.0530973451327,0.0796460176991,0.12389380531,0.0221238938053,0.0442477876106,0.0265486725664,0.0752212389381,0.0752212389381,0.0619469026549,0.0176991150442,0.0619469026549,0.00442477876106,0.00442477876106
C06B8.8.1,0.0714285714286,0.0142857142857,0.0571428571429,0.0571428571429,0.0285714285714,0.0142857142857,0.0,0.0571428571429,0.242857142857,0.0857142857143,0.0142857142857,0.0428571428571,0.0428571428571,0.0285714285714,0.0428571428571,0.0571428571429,0.0285714285714,0.0857142857143,0.0,0.0285714285714
C15H9.6a.1,0.071104387292,0.00302571860817,0.0801815431165,0.0983358547655,0.0332829046899,0.0801815431165,0.00907715582451,0.0650529500756,0.101361573374,0.0741301059002,0.0151285930408,0.0499243570348,0.0332829046899,0.036308623298,0.036308623298,0.0438729198185,0.0635400907716,0.0801815431165,0.00302571860817,0.0226928895613
C14B1.1.1,0.111340206186,0.00824742268041,0.0701030927835,0.0969072164948,0.0556701030928,0.0453608247423,0.0123711340206,0.0412371134021,0.0845360824742,0.0865979381443,0.0020618556701,0.0432989690722,0.0309278350515,0.0226804123711,0.0185567010309,0.0721649484536,0.059793814433,0.0969072164948,0.0144329896907,0.0268041237113
C16A3.9,0.0728476821192,0.0,0.0331125827815,0.046357615894,0.00662251655629,0.0662251655629,0.0331125827815,0.0662251655629,0.112582781457,0.0860927152318,0.0397350993377,0.0132450331126,0.0529801324503,0.0397350993377,0.105960264901,0.0794701986755,0.0264900662252,0.0662251655629,0.0132450331126,0.0397350993377
C14B9.7,0.0745341614907,0.00621118012422,0.0310559006211,0.0372670807453,0.0434782608696,0.0807453416149,0.0310559006211,0.0621118012422,0.0931677018634,0.0621118012422,0.0186335403727,0.0621118012422,0.055900621118,0.0248447204969,0.11801242236,0.0310559006211,0.0683229813665,0.0683229813665,0.0,0.0310559006211
C10G8.4,0.0408163265306,0.102040816327,0.0102040816327,0.0408163265306,0.0612244897959,0.0612244897959,0.0102040816327,0.0714285714286,0.030612244898,0.0714285714286,0.0204081632653,0.0510204081633,0.0816326530612,0.0816326530612,0.0408163265306,0.0510204081633,0.0612244897959,0.0918367346939,0.0,0.0204081632653
C07H6.5,0.0651162790698,0.0209302325581,0.0558139534884,0.0604651162791,0.0372093023256,0.0604651162791,0.0279069767442,0.0767441860465,0.0627906976744,0.102325581395,0.0279069767442,0.046511627907,0.0348837209302,0.0604651162791,0.0604651162791,0.0325581395349,0.0697674418605,0.0674418604651,0.0046511627907,0.0255813953488
C16A3.10.1,0.085308056872,0.0236966824645,0.0545023696682,0.0545023696682,0.0450236966825,0.0734597156398,0.0165876777251,0.0450236966825,0.0924170616114,0.0947867298578,0.0165876777251,0.0521327014218,0.0473933649289,0.0260663507109,0.0331753554502,0.0568720379147,0.0355450236967,0.101895734597,0.00947867298578,0.0355450236967
C09D4.5.1,0.0757575757576,0.00505050505051,0.030303030303,0.0707070707071,0.0151515151515,0.0454545454545,0.0252525252525,0.0454545454545,0.131313131313,0.0959595959596,0.0151515151515,0.0606060606061,0.0151515151515,0.0353535353535,0.166666666667,0.0505050505051,0.0252525252525,0.0505050505051,0.010101010101,0.030303030303
C08F11.11.1,0.0990990990991,0.0540540540541,0.0630630630631,0.0540540540541,0.00900900900901,0.045045045045,0.036036036036,0.036036036036,0.0540540540541,0.0720720720721,0.018018018018,0.0630630630631,0.036036036036,0.00900900900901,0.036036036036,0.117117117117,0.0810810810811,0.0900900900901,0.0,0.027027027027
C17G10.5.1,0.101398601399,0.0174825174825,0.034965034965,0.027972027972,0.041958041958,0.0769230769231,0.0034965034965,0.048951048951,0.027972027972,0.0699300699301,0.013986013986,0.0664335664336,0.0454545454545,0.0664335664336,0.0314685314685,0.0944055944056,0.0559440559441,0.101398601399,0.0244755244755,0.048951048951
C07G2.1a,0.106164383562,0.0308219178082,0.0496575342466,0.123287671233,0.0154109589041,0.0616438356164,0.00513698630137,0.0325342465753,0.013698630137,0.0222602739726,0.0102739726027,0.0222602739726,0.0890410958904,0.0205479452055,0.0119863013699,0.0513698630137,0.164383561644,0.106164383562,0.0,0.0633561643836
C09H10.2.1,0.0285714285714,0.047619047619,0.0190476190476,0.0380952380952,0.0571428571429,0.0857142857143,0.0380952380952,0.0380952380952,0.209523809524,0.0285714285714,0.0190476190476,0.0190476190476,0.0285714285714,0.0761904761905,0.104761904762,0.0285714285714,0.0666666666667,0.047619047619,0.0,0.0190476190476
C42D8.2a.1,0.0557966522009,0.0111593304402,0.0334779913205,0.112833230006,0.0390576565406,0.026658400496,0.0154990700558,0.0595164290143,0.0750154990701,0.0874147551147,0.024178549287,0.0464972101674,0.0365778053317,0.0675759454433,0.0638561686299,0.0725356478611,0.0582765034098,0.06943583385,0.00681959082455,0.0378177309361
C41C4.8.1,0.0888888888889,0.0123456790123,0.0740740740741,0.0827160493827,0.0432098765432,0.0740740740741,0.0123456790123,0.0666666666667,0.062962962963,0.0876543209877,0.0259259259259,0.0481481481481,0.0506172839506,0.0333333333333,0.0679012345679,0.0481481481481,0.0395061728395,0.0654320987654,0.00246913580247,0.0135802469136
C47E8.5.1,0.0626780626781,0.011396011396,0.0712250712251,0.122507122507,0.042735042735,0.042735042735,0.011396011396,0.0641025641026,0.109686609687,0.0783475783476,0.02849002849,0.042735042735,0.025641025641,0.0270655270655,0.037037037037,0.0698005698006,0.042735042735,0.0712250712251,0.00569800569801,0.0327635327635
C44B12.5,0.14501510574,0.02416918429,0.0725075528701,0.0302114803625,0.02416918429,0.0845921450151,0.0211480362538,0.00604229607251,0.0422960725076,0.0453172205438,0.00604229607251,0.0543806646526,0.102719033233,0.0392749244713,0.0453172205438,0.0815709969789,0.0543806646526,0.0604229607251,0.0211480362538,0.0392749244713
C23G10.3,0.085020242915,0.0121457489879,0.0242914979757,0.080971659919,0.0242914979757,0.0890688259109,0.0242914979757,0.0526315789474,0.0769230769231,0.0688259109312,0.0283400809717,0.0364372469636,0.0485829959514,0.0688259109312,0.0728744939271,0.0404858299595,0.0202429149798,0.121457489879,0.0,0.0242914979757
C47E12.5a.1,0.0790655884996,0.0143755615454,0.0610961365678,0.0826594788859,0.0494159928122,0.0655884995508,0.0215633423181,0.0512129380054,0.0566037735849,0.0835579514825,0.0197663971249,0.0539083557951,0.0404312668464,0.0386343216532,0.047619047619,0.0655884995508,0.0610961365678,0.0718778077269,0.010781671159,0.0251572327044
C50B6.2,0.125429553265,0.00171821305842,0.0841924398625,0.170103092784,0.0171821305842,0.0360824742268,0.0103092783505,0.0463917525773,0.0721649484536,0.053264604811,0.0171821305842,0.0343642611684,0.0309278350515,0.0309278350515,0.0223367697595,0.0790378006873,0.073883161512,0.0876288659794,0.00343642611684,0.00343642611684
C26D10.2a,0.0635294117647,0.0211764705882,0.0705882352941,0.0894117647059,0.0494117647059,0.0588235294118,0.0235294117647,0.0541176470588,0.0729411764706,0.0870588235294,0.0376470588235,0.0235294117647,0.0329411764706,0.0588235294118,0.0611764705882,0.0423529411765,0.0447058823529,0.0823529411765,0.0,0.0258823529412
C42C1.14,0.0454545454545,0.0181818181818,0.0181818181818,0.0363636363636,0.00909090909091,0.0636363636364,0.0181818181818,0.0636363636364,0.118181818182,0.0909090909091,0.00909090909091,0.0454545454545,0.0454545454545,0.0363636363636,0.136363636364,0.0363636363636,0.0818181818182,0.0909090909091,0.0,0.0363636363636
C27H6.2,0.0840336134454,0.0126050420168,0.0588235294118,0.0924369747899,0.0252100840336,0.063025210084,0.0168067226891,0.0609243697479,0.0735294117647,0.0798319327731,0.0357142857143,0.0252100840336,0.0483193277311,0.0294117647059,0.0609243697479,0.063025210084,0.0504201680672,0.0987394957983,0.0,0.0210084033613
C30C11.4.1,0.0837628865979,0.0090206185567,0.0657216494845,0.0863402061856,0.0399484536082,0.0515463917526,0.014175257732,0.0592783505155,0.0721649484536,0.0631443298969,0.020618556701,0.0451030927835,0.0618556701031,0.0425257731959,0.0541237113402,0.0592783505155,0.0463917525773,0.0889175257732,0.00773195876289,0.0283505154639
C52E4.4.1,0.0873563218391,0.0183908045977,0.0850574712644,0.0712643678161,0.0298850574713,0.0689655172414,0.016091954023,0.0528735632184,0.0781609195402,0.0896551724138,0.0298850574713,0.032183908046,0.0551724137931,0.0390804597701,0.0689655172414,0.0229885057471,0.0528735632184,0.0735632183908,0.00229885057471,0.0252873563218
C26D10.1,0.0878734622144,0.00702987697715,0.0615114235501,0.0861159929701,0.0316344463972,0.100175746924,0.02460456942,0.0474516695958,0.0755711775044,0.0702987697715,0.0210896309315,0.0439367311072,0.0386643233743,0.0333919156415,0.0386643233743,0.066783831283,0.0632688927944,0.0755711775044,0.0105448154657,0.0158172231986
C53H9.1.1,0.0588235294118,0.0,0.0441176470588,0.0441176470588,0.0441176470588,0.0588235294118,0.0147058823529,0.0441176470588,0.198529411765,0.0735294117647,0.0220588235294,0.0294117647059,0.0441176470588,0.0147058823529,0.0661764705882,0.0367647058824,0.0514705882353,0.102941176471,0.00735294117647,0.0441176470588
C38C3.5a.1,0.0666666666667,0.0181818181818,0.10303030303,0.0545454545455,0.0545454545455,0.0666666666667,0.0121212121212,0.0666666666667,0.109090909091,0.0545454545455,0.030303030303,0.0181818181818,0.0121212121212,0.0424242424242,0.030303030303,0.0969696969697,0.0545454545455,0.0727272727273,0.0,0.0363636363636
C39D10.7.1,0.0768573868488,0.0563620836892,0.0555081127242,0.0469684030743,0.0315969257045,0.0563620836892,0.0145175064048,0.0350128095645,0.0572160546541,0.0384286934244,0.00768573868488,0.0520922288642,0.0862510674637,0.0333048676345,0.0333048676345,0.0768573868488,0.111016225448,0.0520922288642,0.000853970964987,0.0777113578138
C27D11.1,0.0836431226766,0.00557620817844,0.0706319702602,0.0947955390335,0.021375464684,0.0418215613383,0.0241635687732,0.0362453531599,0.0789962825279,0.0864312267658,0.0204460966543,0.0418215613383,0.0473977695167,0.0613382899628,0.101301115242,0.0548327137546,0.0399628252788,0.0557620817844,0.0139405204461,0.0195167286245
C37H5.8,0.103500761035,0.0076103500761,0.0608828006088,0.0715372907154,0.027397260274,0.0745814307458,0.0106544901065,0.0593607305936,0.0852359208524,0.076103500761,0.0228310502283,0.041095890411,0.0380517503805,0.0547945205479,0.0380517503805,0.0593607305936,0.0730593607306,0.0806697108067,0.00152207001522,0.013698630137
C37A2.7,0.14953271028,0.00934579439252,0.0747663551402,0.0841121495327,0.018691588785,0.121495327103,0.0,0.018691588785,0.102803738318,0.0934579439252,0.0280373831776,0.0280373831776,0.0560747663551,0.018691588785,0.0,0.0934579439252,0.018691588785,0.0654205607477,0.0,0.018691588785
C28H8.3,0.0740956826138,0.00991831971995,0.0659276546091,0.0700116686114,0.046674445741,0.0513418903151,0.0233372228705,0.046674445741,0.0770128354726,0.109684947491,0.024504084014,0.0449241540257,0.0338389731622,0.0455075845974,0.0507584597433,0.0746791131855,0.0437572928821,0.0676779463244,0.0110851808635,0.0285880980163
C44B12.1,0.0985221674877,0.0492610837438,0.064039408867,0.0197044334975,0.0344827586207,0.0591133004926,0.0394088669951,0.0295566502463,0.0492610837438,0.0394088669951,0.00985221674877,0.0541871921182,0.0689655172414,0.064039408867,0.064039408867,0.0985221674877,0.0344827586207,0.064039408867,0.00492610837438,0.0541871921182
C23G10.4b.1,0.105699481865,0.0155440414508,0.0528497409326,0.0621761658031,0.0373056994819,0.0642487046632,0.0217616580311,0.0569948186528,0.0725388601036,0.0901554404145,0.0310880829016,0.0487046632124,0.0362694300518,0.0352331606218,0.0435233160622,0.0715025906736,0.0559585492228,0.0642487046632,0.00932642487047,0.0248704663212
C32E8.2a.1,0.125603864734,0.0048309178744,0.0386473429952,0.0676328502415,0.0289855072464,0.0531400966184,0.0193236714976,0.0386473429952,0.12077294686,0.0821256038647,0.00966183574879,0.0338164251208,0.0434782608696,0.048309178744,0.135265700483,0.0338164251208,0.0434782608696,0.048309178744,0.00966183574879,0.0144927536232
C25D7.6,0.0800492610837,0.0135467980296,0.0788177339901,0.076354679803,0.0307881773399,0.057881773399,0.0197044334975,0.0603448275862,0.064039408867,0.0800492610837,0.0320197044335,0.0406403940887,0.0369458128079,0.0418719211823,0.0665024630542,0.0628078817734,0.0689655172414,0.064039408867,0.0012315270936,0.0233990147783
C30C11.2.1,0.10119047619,0.0119047619048,0.0654761904762,0.0694444444444,0.0337301587302,0.0357142857143,0.0198412698413,0.0575396825397,0.0714285714286,0.105158730159,0.0119047619048,0.0396825396825,0.0337301587302,0.0615079365079,0.0634920634921,0.047619047619,0.0535714285714,0.0634920634921,0.00396825396825,0.0496031746032
C36B1.4.1,0.0948616600791,0.00790513833992,0.0553359683794,0.0948616600791,0.0276679841897,0.0592885375494,0.0158102766798,0.0632411067194,0.0711462450593,0.0671936758893,0.0197628458498,0.0237154150198,0.0395256916996,0.0434782608696,0.0671936758893,0.0553359683794,0.0592885375494,0.0948616600791,0.0,0.0395256916996
C44B7.10.1,0.0955414012739,0.00849256900212,0.0573248407643,0.0403397027601,0.0382165605096,0.0828025477707,0.031847133758,0.0743099787686,0.0594479830149,0.0870488322718,0.0148619957537,0.0636942675159,0.0445859872611,0.0254777070064,0.0467091295117,0.0764331210191,0.0467091295117,0.0828025477707,0.00636942675159,0.0169851380042
F27D4.1,0.14156626506,0.0,0.0542168674699,0.0451807228916,0.0301204819277,0.0813253012048,0.00903614457831,0.0572289156627,0.078313253012,0.0933734939759,0.00903614457831,0.0421686746988,0.0421686746988,0.0271084337349,0.0361445783133,0.0813253012048,0.0572289156627,0.102409638554,0.0,0.0120481927711
F25H5.3e,0.0843373493976,0.0240963855422,0.0591456736035,0.0876232201533,0.0295728368018,0.0668127053669,0.026286966046,0.0854326396495,0.0481927710843,0.0679079956188,0.0208105147864,0.0383351588171,0.0416210295728,0.0306681270537,0.0591456736035,0.0777656078861,0.0613362541073,0.0635268346112,0.00876232201533,0.0186199342826
F26D10.3.1,0.0953125,0.0078125,0.078125,0.071875,0.0375,0.0796875,0.015625,0.0671875,0.0875,0.075,0.01875,0.046875,0.0390625,0.034375,0.040625,0.0578125,0.065625,0.059375,0.003125,0.01875
F26F4.10a.1,0.0715287517532,0.015427769986,0.0799438990182,0.0631136044881,0.0434782608696,0.054698457223,0.0196353436185,0.0518934081346,0.102384291725,0.103786816269,0.0238429172511,0.0322580645161,0.0336605890603,0.0364656381487,0.0434782608696,0.0603085553997,0.0462833099579,0.0687237026648,0.0070126227209,0.0420757363254
F18A1.5,0.0870229007634,0.0106870229008,0.0519083969466,0.0870229007634,0.0351145038168,0.0778625954198,0.018320610687,0.0625954198473,0.0748091603053,0.0595419847328,0.0335877862595,0.0519083969466,0.0381679389313,0.0381679389313,0.0473282442748,0.0519083969466,0.0549618320611,0.0671755725191,0.00763358778626,0.0442748091603
F37C12.7,0.0793433652531,0.0273597811218,0.0533515731874,0.0683994528044,0.0259917920657,0.0697674418605,0.0205198358413,0.06292749658,0.0834473324213,0.0998632010944,0.0164158686731,0.0259917920657,0.0492476060192,0.0383036935705,0.0451436388509,0.0533515731874,0.0574555403557,0.0738714090287,0.0123119015048,0.0369357045144
F35G12.12,0.0896130346232,0.0122199592668,0.0631364562118,0.0936863543788,0.0386965376782,0.0427698574338,0.0224032586558,0.0692464358452,0.0672097759674,0.105906313646,0.0325865580448,0.0244399185336,0.0264765784114,0.0366598778004,0.0529531568228,0.071283095723,0.0468431771894,0.0590631364562,0.0142566191446,0.030549898167
F22D6.3a,0.0935779816514,0.0201834862385,0.0605504587156,0.0825688073394,0.0311926605505,0.0733944954128,0.0220183486239,0.0495412844037,0.0678899082569,0.0899082568807,0.0256880733945,0.0256880733945,0.0403669724771,0.0366972477064,0.0605504587156,0.0532110091743,0.0440366972477,0.0660550458716,0.0128440366972,0.0440366972477
F28H1.3.1,0.0960743801653,0.00929752066116,0.0754132231405,0.0702479338843,0.0423553719008,0.0816115702479,0.0196280991736,0.047520661157,0.0712809917355,0.0826446280992,0.0165289256198,0.0454545454545,0.0340909090909,0.0382231404959,0.051652892562,0.0464876033058,0.0506198347107,0.0847107438017,0.00929752066116,0.0268595041322
F10G7.2,0.103938730853,0.00656455142232,0.054704595186,0.0754923413567,0.0361050328228,0.0776805251641,0.0142231947484,0.0459518599562,0.0634573304158,0.0798687089716,0.0054704595186,0.0426695842451,0.0448577680525,0.0459518599562,0.0678336980306,0.0678336980306,0.0536105032823,0.0700218818381,0.00984682713348,0.0339168490153
D1005.1,0.0831826401447,0.00994575045208,0.0488245931284,0.0678119349005,0.0443037974684,0.0895117540687,0.0216998191682,0.0650994575045,0.0660036166365,0.0840867992767,0.0235081374322,0.0370705244123,0.0515370705244,0.0325497287523,0.0461121157324,0.0560578661844,0.0614828209765,0.0696202531646,0.00904159132007,0.0325497287523
F32D1.10,0.0904109589041,0.0205479452055,0.0671232876712,0.0671232876712,0.0287671232877,0.0561643835616,0.0219178082192,0.0602739726027,0.0575342465753,0.0780821917808,0.0397260273973,0.0479452054795,0.041095890411,0.0383561643836,0.0630136986301,0.0479452054795,0.058904109589,0.0780821917808,0.0013698630137,0.0356164383562
F25H5.4a.1,0.0704225352113,0.0152582159624,0.0669014084507,0.0680751173709,0.0469483568075,0.080985915493,0.0199530516432,0.056338028169,0.075117370892,0.0798122065728,0.0363849765258,0.0363849765258,0.0469483568075,0.0340375586854,0.0492957746479,0.0434272300469,0.0539906103286,0.0880281690141,0.00821596244131,0.0234741784038
F28H1.2,0.0845070422535,0.0211267605634,0.0352112676056,0.0774647887324,0.0633802816901,0.0845070422535,0.00704225352113,0.056338028169,0.0985915492958,0.0985915492958,0.0140845070423,0.0633802816901,0.0211267605634,0.0422535211268,0.0352112676056,0.0633802816901,0.0633802816901,0.0633802816901,0.00704225352113,0.0
F56F11.4b,0.0810185185185,0.00925925925926,0.0532407407407,0.0833333333333,0.0324074074074,0.0648148148148,0.025462962963,0.0694444444444,0.0833333333333,0.0856481481481,0.0439814814815,0.025462962963,0.0462962962963,0.0347222222222,0.0601851851852,0.0601851851852,0.0416666666667,0.0856481481481,0.00231481481481,0.0115740740741
F59D8.2,0.0511540860886,0.0124766063631,0.0374298190892,0.106674984404,0.0442919525889,0.0274485339988,0.0168434185901,0.0573923892701,0.0804741110418,0.0885839051778,0.0218340611354,0.0474111041797,0.0386774797255,0.0592638802246,0.0598877105427,0.0704928259513,0.0623830318153,0.0748596381784,0.0093574547723,0.0330630068621
M88.5c,0.0725995316159,0.00819672131148,0.0374707259953,0.0480093676815,0.0175644028103,0.0772833723653,0.0456674473068,0.0538641686183,0.0421545667447,0.0444964871194,0.0456674473068,0.0503512880562,0.0620608899297,0.140515222482,0.0468384074941,0.0854800936768,0.0433255269321,0.0526932084309,0.00234192037471,0.0234192037471
F54H12.1a,0.0888030888031,0.010296010296,0.0669240669241,0.045045045045,0.033462033462,0.0952380952381,0.020592020592,0.0656370656371,0.0810810810811,0.0875160875161,0.019305019305,0.046332046332,0.0501930501931,0.028314028314,0.034749034749,0.0694980694981,0.0656370656371,0.0514800514801,0.01287001287,0.027027027027
H02I12.1,0.0583775587566,0.054586808188,0.0780894617134,0.0621683093252,0.0447308567096,0.0720242608036,0.0121304018196,0.0363912054587,0.0326004548901,0.035633055345,0.00758150113723,0.0439727065959,0.0568612585292,0.0507960576194,0.0462471569371,0.110689916603,0.0887035633055,0.0591357088704,0.00227445034117,0.0470053070508
F59D8.1,0.0499064254523,0.0124766063631,0.0374298190892,0.106051154086,0.044915782907,0.0268247036806,0.0174672489083,0.0561447286338,0.0779787897692,0.0885839051778,0.0230817217717,0.048658764816,0.0386774797255,0.0605115408609,0.0605115408609,0.0704928259513,0.0630068621335,0.0748596381784,0.0093574547723,0.0330630068621
M110.4a,0.0856401384083,0.00692041522491,0.0562283737024,0.0873702422145,0.0268166089965,0.0449826989619,0.0173010380623,0.0397923875433,0.0873702422145,0.0588235294118,0.0276816608997,0.0432525951557,0.0657439446367,0.0657439446367,0.0519031141869,0.0769896193772,0.0631487889273,0.0640138408304,0.00692041522491,0.0233564013841
T02G5.8.1,0.12285012285,0.012285012285,0.041769041769,0.041769041769,0.034398034398,0.103194103194,0.022113022113,0.0687960687961,0.0663390663391,0.0663390663391,0.019656019656,0.034398034398,0.039312039312,0.04914004914,0.029484029484,0.0859950859951,0.0515970515971,0.0909090909091,0.004914004914,0.014742014742
K09F5.2,0.0563118811881,0.0111386138614,0.032797029703,0.112004950495,0.0402227722772,0.0266089108911,0.0204207920792,0.0637376237624,0.0761138613861,0.085396039604,0.0210396039604,0.0457920792079,0.0346534653465,0.0637376237624,0.0631188118812,0.0717821782178,0.0556930693069,0.0748762376238,0.00680693069307,0.0377475247525
JC8.3a,0.0787878787879,0.0181818181818,0.0545454545455,0.0606060606061,0.00606060606061,0.0787878787879,0.0181818181818,0.109090909091,0.121212121212,0.0666666666667,0.0181818181818,0.0242424242424,0.0727272727273,0.030303030303,0.0424242424242,0.0424242424242,0.0606060606061,0.0848484848485,0.00606060606061,0.00606060606061
F52H3.7a.1,0.158232931727,0.000803212851406,0.0658634538153,0.15983935743,0.021686746988,0.0321285140562,0.0473895582329,0.0369477911647,0.0489959839357,0.0224899598394,0.00240963855422,0.0232931726908,0.0714859437751,0.0321285140562,0.0128514056225,0.0915662650602,0.0522088353414,0.109236947791,0.00240963855422,0.00803212851406
F58B3.5a,0.082878953108,0.0272628135224,0.0632497273719,0.0556161395856,0.0381679389313,0.0665212649945,0.0229007633588,0.0490730643402,0.0905125408942,0.0806979280262,0.0218102508179,0.041439476554,0.0599781897492,0.0490730643402,0.0327153762268,0.0490730643402,0.0610687022901,0.0676117775354,0.0152671755725,0.0250817884406
R74.1.1,0.0834738617201,0.0118043844857,0.0649241146712,0.0775716694772,0.043844856661,0.0548060708263,0.0126475548061,0.0615514333895,0.0952782462057,0.0860033726813,0.0303541315346,0.0387858347386,0.0489038785835,0.031197301855,0.0404721753794,0.0548060708263,0.0480607082631,0.0590219224283,0.0160202360877,0.0404721753794
K12D12.1,0.0690789473684,0.00855263157895,0.0776315789474,0.0822368421053,0.0388157894737,0.0532894736842,0.0105263157895,0.0532894736842,0.129605263158,0.0651315789474,0.0236842105263,0.0421052631579,0.0407894736842,0.0388157894737,0.0401315789474,0.0690789473684,0.05,0.0644736842105,0.0111842105263,0.0315789473684
F52E10.5,0.0636833046472,0.00172117039587,0.0585197934596,0.115318416523,0.025817555938,0.0481927710843,0.0154905335628,0.0481927710843,0.0740103270224,0.0963855421687,0.0172117039587,0.0585197934596,0.0172117039587,0.0533562822719,0.0843373493976,0.0671256454389,0.0688468158348,0.0602409638554,0.00344234079174,0.0223752151463
K08E3.4,0.099533437014,0.0,0.0559875583204,0.102643856921,0.0311041990669,0.0311041990669,0.0295489891135,0.0388802488336,0.0715396578538,0.0373250388802,0.0155520995334,0.0279937791602,0.116640746501,0.045101088647,0.0466562986003,0.0886469673406,0.0482115085537,0.0653188180404,0.0139968895801,0.0342146189736
K07H8.6c,0.0539067231981,0.0145366444579,0.0296789824349,0.108419139915,0.0375529981829,0.0314960629921,0.0199878861296,0.0575408843125,0.0660205935796,0.0708661417323,0.0260448213204,0.0520896426408,0.0430042398546,0.0781344639612,0.0696547546941,0.0629921259843,0.0563294972744,0.0696547546941,0.0115081768625,0.0405814657783
R07E5.2,0.070796460177,0.0265486725664,0.0840707964602,0.0353982300885,0.0663716814159,0.070796460177,0.0221238938053,0.0309734513274,0.0663716814159,0.0884955752212,0.0132743362832,0.0309734513274,0.0575221238938,0.0132743362832,0.0530973451327,0.0796460176991,0.0663716814159,0.0884955752212,0.0132743362832,0.0221238938053
K07C5.4,0.102880658436,0.0082304526749,0.0576131687243,0.082304526749,0.0390946502058,0.0473251028807,0.0308641975309,0.0534979423868,0.100823045267,0.102880658436,0.0205761316872,0.0390946502058,0.0308641975309,0.0288065843621,0.0493827160494,0.0761316872428,0.037037037037,0.0576131687243,0.00205761316872,0.0329218106996
Y17G7B.5a.1,0.0805902383655,0.0147559591373,0.0874006810443,0.0828603859251,0.0340522133939,0.049943246311,0.0249716231555,0.0658342792281,0.044267877412,0.0726447219069,0.0329171396141,0.0465380249716,0.0408626560726,0.0431328036322,0.0737797956867,0.0658342792281,0.0454029511918,0.0669693530079,0.0011350737798,0.0261066969353
T22D1.3a,0.0749063670412,0.0112359550562,0.0711610486891,0.0430711610487,0.0280898876404,0.101123595506,0.0280898876404,0.0674157303371,0.0580524344569,0.0730337078652,0.0393258426966,0.0318352059925,0.0355805243446,0.0411985018727,0.0543071161049,0.0674157303371,0.0561797752809,0.0823970037453,0.00187265917603,0.0337078651685
Y48G8AL.5a,0.0701754385965,0.0175438596491,0.0599415204678,0.093567251462,0.0453216374269,0.046783625731,0.0248538011696,0.0380116959064,0.0833333333333,0.0818713450292,0.0409356725146,0.0409356725146,0.0438596491228,0.0438596491228,0.0614035087719,0.062865497076,0.0438596491228,0.062865497076,0.0146198830409,0.0233918128655
T07A9.11.1,0.0610687022901,0.0,0.0381679389313,0.0458015267176,0.0381679389313,0.0839694656489,0.00763358778626,0.0534351145038,0.18320610687,0.0534351145038,0.0229007633588,0.0152671755725,0.0534351145038,0.0229007633588,0.0916030534351,0.0229007633588,0.0763358778626,0.0992366412214,0.0,0.030534351145
Y41E3.4a,0.0725190839695,0.0139949109415,0.0623409669211,0.0750636132316,0.0407124681934,0.0572519083969,0.0267175572519,0.0508905852417,0.0916030534351,0.0941475826972,0.0127226463104,0.0343511450382,0.0521628498728,0.027989821883,0.0470737913486,0.0572519083969,0.059796437659,0.0826972010178,0.0114503816794,0.029262086514
Y18D10A.17,0.0823529411765,0.00588235294118,0.0558823529412,0.0617647058824,0.0382352941176,0.123529411765,0.0176470588235,0.05,0.0617647058824,0.0382352941176,0.00588235294118,0.0882352941176,0.0441176470588,0.0470588235294,0.0794117647059,0.0647058823529,0.0382352941176,0.0352941176471,0.00294117647059,0.0588235294118
T11F8.3a.1,0.0583783783784,0.0616216216216,0.0756756756757,0.0713513513514,0.0367567567568,0.0756756756757,0.0410810810811,0.052972972973,0.0345945945946,0.0583783783784,0.0324324324324,0.0497297297297,0.0464864864865,0.0302702702703,0.0518918918919,0.0778378378378,0.0475675675676,0.0572972972973,0.00972972972973,0.0302702702703
W01A8.1c.1,0.0933014354067,0.0,0.0454545454545,0.0885167464115,0.0287081339713,0.0478468899522,0.0143540669856,0.055023923445,0.0693779904306,0.0956937799043,0.00956937799043,0.0526315789474,0.0287081339713,0.0622009569378,0.0358851674641,0.0765550239234,0.0645933014354,0.0837320574163,0.00717703349282,0.0406698564593
Y48B6A.12.1,0.0741935483871,0.0161290322581,0.0548387096774,0.0645161290323,0.0338709677419,0.0709677419355,0.0145161290323,0.0596774193548,0.0629032258065,0.108064516129,0.0258064516129,0.0451612903226,0.0532258064516,0.0290322580645,0.0677419354839,0.05,0.0596774193548,0.0612903225806,0.00483870967742,0.0435483870968
T05E11.3a.1,0.0723684210526,0.00131578947368,0.0697368421053,0.114473684211,0.0447368421053,0.0342105263158,0.0131578947368,0.0526315789474,0.0921052631579,0.0907894736842,0.0236842105263,0.0355263157895,0.0302631578947,0.0421052631579,0.0460526315789,0.0697368421053,0.0631578947368,0.0657894736842,0.0105263157895,0.0276315789474
T07C4.3a,0.0893682588598,0.00924499229584,0.0785824345146,0.0939907550077,0.0323574730354,0.040061633282,0.0215716486903,0.0462249614792,0.0739599383667,0.0523882896764,0.0292758089368,0.0277349768875,0.0431432973806,0.0493066255778,0.0462249614792,0.11093990755,0.0616332819723,0.0832049306626,0.00308166409861,0.00770416024653
T23G5.1.1,0.0786802030457,0.0190355329949,0.0507614213198,0.0659898477157,0.0291878172589,0.0583756345178,0.0228426395939,0.0710659898477,0.0647208121827,0.0812182741117,0.0342639593909,0.0558375634518,0.0393401015228,0.0329949238579,0.0507614213198,0.0659898477157,0.0647208121827,0.0532994923858,0.0139593908629,0.0469543147208
W08E12.7.1,0.0818414322251,0.0153452685422,0.0664961636829,0.079283887468,0.0255754475703,0.0613810741688,0.0230179028133,0.0613810741688,0.125319693095,0.0895140664962,0.0204603580563,0.0383631713555,0.0383631713555,0.0281329923274,0.0230179028133,0.0537084398977,0.0639386189258,0.079283887468,0.0,0.0255754475703
Y48G9A.3,0.105243304413,0.015088645794,0.053187476424,0.0720482836665,0.0237646171256,0.0479064503961,0.017729158808,0.0656356092041,0.0554507732931,0.125612976235,0.0222557525462,0.0301772915881,0.0445115050924,0.043002640513,0.0558279894379,0.0746887966805,0.0497925311203,0.0712938513768,0.00980761976613,0.0169747265183
T08B2.7a,0.0973111395647,0.00768245838668,0.0512163892446,0.056338028169,0.0422535211268,0.0857874519846,0.0217669654289,0.0486555697823,0.0998719590269,0.106274007682,0.0256081946223,0.0358514724712,0.0396927016645,0.0409731113956,0.0371318822023,0.0512163892446,0.0512163892446,0.0819462227913,0.00256081946223,0.0166453265045
Y62H9A.3,0.0560747663551,0.00934579439252,0.0420560747664,0.0560747663551,0.0233644859813,0.0700934579439,0.018691588785,0.0373831775701,0.0747663551402,0.0700934579439,0.00934579439252,0.0514018691589,0.130841121495,0.0140186915888,0.0467289719626,0.0607476635514,0.0514018691589,0.0794392523364,0.0140186915888,0.0841121495327
Y87G2A.5.1,0.0838095238095,0.0161904761905,0.0657142857143,0.0761904761905,0.0409523809524,0.0571428571429,0.0209523809524,0.0666666666667,0.0838095238095,0.0790476190476,0.0190476190476,0.0352380952381,0.047619047619,0.0390476190476,0.0495238095238,0.0514285714286,0.0542857142857,0.0628571428571,0.0219047619048,0.0285714285714
Y75B12B.2.1,0.0409356725146,0.0233918128655,0.0409356725146,0.0643274853801,0.0701754385965,0.146198830409,0.0233918128655,0.0584795321637,0.0818713450292,0.0526315789474,0.0233918128655,0.046783625731,0.0526315789474,0.0175438596491,0.0409356725146,0.0643274853801,0.0643274853801,0.0701754385965,0.00584795321637,0.0116959064327
Y66H1B.2l.1,0.0708277999115,0.00885347498893,0.0615316511731,0.0739265161576,0.0349712262063,0.0841080123949,0.028773793714,0.062416998672,0.0854360336432,0.0668437361664,0.0132802124834,0.0389552899513,0.066401062417,0.0349712262063,0.0314298362107,0.0566622399292,0.0513501549358,0.0978308986277,0.00486941124391,0.0265604249668
