AH6.5,0.0663811563169,0.017130620985,0.0364025695931,0.0428265524625,0.0321199143469,0.0663811563169,0.03426124197,0.03426124197,0.0385438972163,0.051391862955,0.0406852248394,0.0535331905782,0.100642398287,0.0985010706638,0.0620985010707,0.0770877944325,0.06852248394,0.0321199143469,0.00214132762313,0.0449678800857
B0001.4a,0.0604838709677,0.00806451612903,0.0483870967742,0.0927419354839,0.0443548387097,0.0443548387097,0.0241935483871,0.0887096774194,0.0766129032258,0.0967741935484,0.0161290322581,0.0524193548387,0.0403225806452,0.0282258064516,0.0725806451613,0.0604838709677,0.0564516129032,0.0604838709677,0.0,0.0282258064516
B0041.4,0.104347826087,0.00579710144928,0.0289855072464,0.0347826086957,0.0289855072464,0.0666666666667,0.0289855072464,0.0550724637681,0.0869565217391,0.0753623188406,0.0144927536232,0.0492753623188,0.0521739130435,0.0376811594203,0.104347826087,0.0608695652174,0.0347826086957,0.0927536231884,0.0144927536232,0.0231884057971
B0035.12.1,0.0897129186603,0.00837320574163,0.0705741626794,0.0837320574163,0.0502392344498,0.0442583732057,0.0191387559809,0.0406698564593,0.0861244019139,0.0789473684211,0.0263157894737,0.0430622009569,0.0394736842105,0.0466507177033,0.0622009569378,0.0717703349282,0.0370813397129,0.061004784689,0.0143540669856,0.0263157894737
B0035.8,0.113821138211,0.0,0.0243902439024,0.0487804878049,0.0162601626016,0.0406504065041,0.0325203252033,0.0487804878049,0.138211382114,0.0406504065041,0.0243902439024,0.0243902439024,0.0487804878049,0.0162601626016,0.0731707317073,0.121951219512,0.0569105691057,0.0894308943089,0.0,0.0406504065041
B0205.7,0.0666666666667,0.00833333333333,0.0805555555556,0.0722222222222,0.0388888888889,0.05,0.0416666666667,0.0611111111111,0.0638888888889,0.0916666666667,0.025,0.0333333333333,0.0416666666667,0.0361111111111,0.0777777777778,0.0527777777778,0.025,0.0583333333333,0.0138888888889,0.0611111111111
B0041.8.1,0.0502512562814,0.0251256281407,0.0653266331658,0.0603015075377,0.0452261306533,0.0452261306533,0.0100502512563,0.0402010050251,0.0753768844221,0.070351758794,0.0452261306533,0.0452261306533,0.0452261306533,0.0251256281407,0.0854271356784,0.100502512563,0.070351758794,0.070351758794,0.0,0.0251256281407
B0250.1,0.0923076923077,0.00769230769231,0.0307692307692,0.0269230769231,0.0153846153846,0.130769230769,0.05,0.0769230769231,0.1,0.0384615384615,0.0153846153846,0.0423076923077,0.0538461538462,0.0230769230769,0.0961538461538,0.0384615384615,0.0538461538462,0.0769230769231,0.00384615384615,0.0269230769231
B0244.8,0.065335753176,0.114337568058,0.0943738656987,0.05444646098,0.032667876588,0.065335753176,0.0181488203267,0.0362976406534,0.0852994555354,0.0471869328494,0.0254083484574,0.0344827586207,0.049001814882,0.0362976406534,0.038112522686,0.0998185117967,0.049001814882,0.0417422867514,0.00362976406534,0.00907441016334
B0336.10.1,0.1,0.0214285714286,0.0357142857143,0.0285714285714,0.0428571428571,0.135714285714,0.0,0.0642857142857,0.0928571428571,0.0571428571429,0.0285714285714,0.0571428571429,0.0357142857143,0.0214285714286,0.0857142857143,0.0571428571429,0.0214285714286,0.0928571428571,0.00714285714286,0.0142857142857
B0393.1.1,0.11231884058,0.00724637681159,0.0471014492754,0.0760869565217,0.036231884058,0.0615942028986,0.018115942029,0.0579710144928,0.054347826087,0.0760869565217,0.0217391304348,0.0398550724638,0.0471014492754,0.0507246376812,0.0471014492754,0.0434782608696,0.0869565217391,0.0652173913043,0.0253623188406,0.0253623188406
B0511.8.1,0.0688336520076,0.00956022944551,0.0688336520076,0.0726577437859,0.0497131931166,0.057361376673,0.0344168260038,0.0458891013384,0.057361376673,0.0726577437859,0.0267686424474,0.0420650095602,0.0535372848948,0.0401529636711,0.0630975143403,0.0630975143403,0.0650095602294,0.0497131931166,0.019120458891,0.0401529636711
B0414.5,0.0563758389262,0.0174496644295,0.0402684563758,0.0604026845638,0.0496644295302,0.0590604026846,0.0228187919463,0.0429530201342,0.0671140939597,0.048322147651,0.0228187919463,0.0577181208054,0.0765100671141,0.0442953020134,0.055033557047,0.120805369128,0.061744966443,0.0523489932886,0.00805369127517,0.0362416107383
B0491.5.1,0.0948012232416,0.0,0.045871559633,0.0550458715596,0.045871559633,0.0886850152905,0.0244648318043,0.0275229357798,0.0672782874618,0.0917431192661,0.0214067278287,0.0305810397554,0.0672782874618,0.0336391437309,0.0489296636086,0.0795107033639,0.0611620795107,0.0428134556575,0.0366972477064,0.0366972477064
B0379.3a,0.0455407969639,0.00284629981025,0.0692599620493,0.0588235294118,0.0284629981025,0.0521821631879,0.0294117647059,0.0426944971537,0.0407969639469,0.050284629981,0.0161290322581,0.0740037950664,0.100569259962,0.0749525616698,0.0654648956357,0.0948766603416,0.0521821631879,0.0521821631879,0.00379506641366,0.0455407969639
B0365.3.1,0.0753012048193,0.0170682730924,0.0552208835341,0.0652610441767,0.0491967871486,0.0712851405622,0.0140562248996,0.078313253012,0.0542168674699,0.0873493975904,0.0291164658635,0.0401606425703,0.0381526104418,0.0341365461847,0.0451807228916,0.0552208835341,0.066265060241,0.0793172690763,0.0140562248996,0.031124497992
B0336.2.1,0.060773480663,0.00552486187845,0.060773480663,0.0662983425414,0.0441988950276,0.0883977900552,0.0110497237569,0.0497237569061,0.0552486187845,0.121546961326,0.0331491712707,0.0552486187845,0.0165745856354,0.0386740331492,0.0662983425414,0.0441988950276,0.060773480663,0.0718232044199,0.0220994475138,0.0276243093923
B0511.10,0.0625,0.0138888888889,0.0625,0.0833333333333,0.037037037037,0.025462962963,0.0231481481481,0.0717592592593,0.0671296296296,0.118055555556,0.037037037037,0.0462962962963,0.0277777777778,0.0486111111111,0.0601851851852,0.0416666666667,0.0486111111111,0.0671296296296,0.0115740740741,0.0462962962963
B0334.4,0.0238095238095,0.0142857142857,0.052380952381,0.0714285714286,0.0333333333333,0.0238095238095,0.0333333333333,0.0761904761905,0.1,0.0714285714286,0.0285714285714,0.047619047619,0.0285714285714,0.0333333333333,0.047619047619,0.109523809524,0.0571428571429,0.104761904762,0.0142857142857,0.0285714285714
B0513.4a,0.125,0.0666666666667,0.0333333333333,0.0166666666667,0.0166666666667,0.0583333333333,0.0166666666667,0.0666666666667,0.05,0.0583333333333,0.025,0.075,0.075,0.075,0.0166666666667,0.05,0.0416666666667,0.05,0.0,0.0833333333333
B0464.1.1,0.0790960451977,0.00941619585687,0.0621468926554,0.075329566855,0.0508474576271,0.0564971751412,0.0225988700565,0.0564971751412,0.0772128060264,0.0809792843691,0.030131826742,0.0433145009416,0.045197740113,0.0527306967985,0.0470809792844,0.060263653484,0.0414312617702,0.0715630885122,0.00188323917137,0.0357815442561
B0464.7,0.0898876404494,0.0224719101124,0.0674157303371,0.0786516853933,0.0674157303371,0.0898876404494,0.0224719101124,0.0337078651685,0.0898876404494,0.0898876404494,0.0337078651685,0.0337078651685,0.0224719101124,0.0224719101124,0.0112359550562,0.0224719101124,0.0898876404494,0.0561797752809,0.0224719101124,0.0337078651685
B0365.6.1,0.0623853211009,0.0440366972477,0.045871559633,0.0165137614679,0.0348623853211,0.0770642201835,0.0128440366972,0.0550458715596,0.0256880733945,0.0660550458716,0.0183486238532,0.0825688073394,0.0660550458716,0.0422018348624,0.0146788990826,0.121100917431,0.0825688073394,0.0587155963303,0.0238532110092,0.0495412844037
C04F5.8,0.0555555555556,0.0233918128655,0.0818713450292,0.0994152046784,0.046783625731,0.0350877192982,0.0292397660819,0.0614035087719,0.0555555555556,0.0906432748538,0.0233918128655,0.0350877192982,0.0380116959064,0.0233918128655,0.0584795321637,0.0818713450292,0.0555555555556,0.0643274853801,0.0116959064327,0.0292397660819
C02A12.4,0.0883392226148,0.0212014134276,0.0353356890459,0.0282685512367,0.0353356890459,0.0742049469965,0.00706713780919,0.0812720848057,0.0388692579505,0.0565371024735,0.00706713780919,0.0706713780919,0.0459363957597,0.0600706713781,0.0247349823322,0.0848056537102,0.0636042402827,0.0989399293286,0.0247349823322,0.0530035335689
C04F12.4.1,0.103703703704,0.0,0.0518518518519,0.0222222222222,0.0444444444444,0.0518518518519,0.0,0.0592592592593,0.140740740741,0.0740740740741,0.0222222222222,0.0444444444444,0.00740740740741,0.0740740740741,0.0962962962963,0.0222222222222,0.0518518518519,0.118518518519,0.00740740740741,0.00740740740741
C06A1.1,0.0828182941904,0.0123609394314,0.0729295426452,0.0852904820766,0.0420271940667,0.070457354759,0.0123609394314,0.0716934487021,0.0630407911001,0.0865265760198,0.0247218788628,0.044499381953,0.0543881334981,0.0383189122373,0.0667490729295,0.0519159456119,0.0395550061805,0.0642768850433,0.00247218788628,0.0135970333745
C01G6.6a.1,0.058651026393,0.0175953079179,0.074780058651,0.074780058651,0.0469208211144,0.0557184750733,0.0117302052786,0.0601173020528,0.074780058651,0.112903225806,0.0234604105572,0.0381231671554,0.0557184750733,0.0322580645161,0.058651026393,0.0703812316716,0.0454545454545,0.0601173020528,0.00733137829912,0.0205278592375
C05C8.1a,0.055,0.025,0.04,0.08,0.055,0.085,0.04,0.06,0.08,0.1,0.01,0.05,0.015,0.045,0.065,0.035,0.055,0.075,0.01,0.02
C06A8.3,0.192052980132,0.00662251655629,0.046357615894,0.0264900662252,0.0397350993377,0.0728476821192,0.0132450331126,0.0264900662252,0.0662251655629,0.0860927152318,0.00662251655629,0.046357615894,0.0397350993377,0.132450331126,0.0132450331126,0.0596026490066,0.0264900662252,0.0728476821192,0.0132450331126,0.0132450331126
C06A1.5,0.0583941605839,0.0,0.167883211679,0.124087591241,0.029197080292,0.036496350365,0.00729927007299,0.043795620438,0.029197080292,0.0656934306569,0.043795620438,0.036496350365,0.0656934306569,0.0510948905109,0.0656934306569,0.014598540146,0.0510948905109,0.0656934306569,0.014598540146,0.029197080292
B0546.1.1,0.110091743119,0.0,0.0275229357798,0.128440366972,0.0275229357798,0.146788990826,0.0550458715596,0.0366972477064,0.0733944954128,0.0550458715596,0.0366972477064,0.00917431192661,0.0,0.0733944954128,0.0917431192661,0.0550458715596,0.0183486238532,0.0366972477064,0.0,0.0183486238532
C03C10.1.1,0.049853372434,0.00879765395894,0.0469208211144,0.0469208211144,0.0469208211144,0.0821114369501,0.0263929618768,0.058651026393,0.0674486803519,0.0879765395894,0.0381231671554,0.0381231671554,0.0410557184751,0.0410557184751,0.0703812316716,0.058651026393,0.0703812316716,0.0557184750733,0.00879765395894,0.0557184750733
C01B10.8.1,0.0655487804878,0.0137195121951,0.0640243902439,0.0609756097561,0.0457317073171,0.0609756097561,0.0213414634146,0.0685975609756,0.0716463414634,0.0853658536585,0.0243902439024,0.047256097561,0.0503048780488,0.0381097560976,0.0457317073171,0.0716463414634,0.0503048780488,0.077743902439,0.00762195121951,0.0289634146341
C01G10.8.1,0.0555555555556,0.0,0.0584795321637,0.0877192982456,0.0526315789474,0.0730994152047,0.0175438596491,0.0672514619883,0.0818713450292,0.0555555555556,0.0116959064327,0.0614035087719,0.0321637426901,0.0321637426901,0.0438596491228,0.0730994152047,0.0818713450292,0.0701754385965,0.0263157894737,0.0175438596491
C01G8.5b,0.0762411347518,0.00531914893617,0.072695035461,0.0921985815603,0.0283687943262,0.0372340425532,0.0283687943262,0.0460992907801,0.0744680851064,0.0904255319149,0.0336879432624,0.040780141844,0.0230496453901,0.0744680851064,0.0780141843972,0.0390070921986,0.0585106382979,0.0549645390071,0.0106382978723,0.0354609929078
C01G8.1a,0.0666666666667,0.0126984126984,0.0666666666667,0.0730158730159,0.0190476190476,0.0412698412698,0.015873015873,0.0349206349206,0.0603174603175,0.0793650793651,0.031746031746,0.0412698412698,0.0793650793651,0.0253968253968,0.0571428571429,0.142857142857,0.0698412698413,0.0603174603175,0.0,0.0222222222222
C02F5.9,0.0891472868217,0.015503875969,0.0581395348837,0.0697674418605,0.0426356589147,0.0697674418605,0.0193798449612,0.0813953488372,0.0426356589147,0.0813953488372,0.0387596899225,0.0348837209302,0.0348837209302,0.031007751938,0.0658914728682,0.0736434108527,0.0542635658915,0.046511627907,0.0077519379845,0.0426356589147
C02E11.1b,0.0747996438112,0.0142475512021,0.0498664292075,0.0632235084595,0.0427426536064,0.0712377560107,0.0222617987533,0.0471950133571,0.0756901157614,0.0756901157614,0.0124666073019,0.0445235975067,0.0516473731077,0.0320569902048,0.0365093499555,0.0845948352627,0.0721282279608,0.101513802315,0.0026714158504,0.0249332146037
C01G6.3.1,0.0387596899225,0.0258397932817,0.0594315245478,0.0749354005168,0.0749354005168,0.046511627907,0.0180878552972,0.0568475452196,0.0439276485788,0.0826873385013,0.0232558139535,0.0568475452196,0.0439276485788,0.046511627907,0.0516795865633,0.0594315245478,0.0826873385013,0.0568475452196,0.00516795865633,0.0516795865633
C01B10.6a.1,0.0869565217391,0.0395256916996,0.0434782608696,0.0177865612648,0.0296442687747,0.0533596837945,0.00197628458498,0.0256916996047,0.0316205533597,0.0513833992095,0.00395256916996,0.0632411067194,0.0790513833992,0.0592885375494,0.00790513833992,0.142292490119,0.166007905138,0.0770750988142,0.0,0.0197628458498
C03B1.12,0.0970464135021,0.0210970464135,0.0464135021097,0.042194092827,0.0632911392405,0.0675105485232,0.0042194092827,0.0506329113924,0.042194092827,0.0717299578059,0.0084388185654,0.0759493670886,0.0168776371308,0.0379746835443,0.0337552742616,0.0590717299578,0.0970464135021,0.118143459916,0.0042194092827,0.042194092827
C04F6.1,0.0517779164067,0.0124766063631,0.0361821584529,0.106674984404,0.0436681222707,0.0268247036806,0.0168434185901,0.0573923892701,0.0792264504055,0.0867124142233,0.0230817217717,0.0480349344978,0.0386774797255,0.061135371179,0.0598877105427,0.0704928259513,0.0630068621335,0.0742358078603,0.0093574547723,0.0343106674984
C03C10.3,0.0761154855643,0.010498687664,0.0682414698163,0.112860892388,0.0761154855643,0.0367454068241,0.0183727034121,0.0682414698163,0.0761154855643,0.0866141732283,0.0288713910761,0.0577427821522,0.0183727034121,0.0341207349081,0.0419947506562,0.0629921259843,0.0314960629921,0.0524934383202,0.0157480314961,0.0262467191601
C04C3.3,0.127840909091,0.0113636363636,0.0596590909091,0.0596590909091,0.0482954545455,0.0738636363636,0.0227272727273,0.0568181818182,0.0511363636364,0.0681818181818,0.0284090909091,0.0255681818182,0.0454545454545,0.0340909090909,0.0482954545455,0.0625,0.0426136363636,0.0994318181818,0.00852272727273,0.0255681818182
C08B6.8a,0.0569948186528,0.0259067357513,0.0725388601036,0.0777202072539,0.0362694300518,0.0310880829016,0.0362694300518,0.103626943005,0.0880829015544,0.0725388601036,0.0414507772021,0.0362694300518,0.0414507772021,0.0259067357513,0.0362694300518,0.0621761658031,0.0569948186528,0.0414507772021,0.0155440414508,0.0414507772021
C09G9.6,0.108108108108,0.017199017199,0.04914004914,0.046683046683,0.034398034398,0.0540540540541,0.031941031941,0.034398034398,0.044226044226,0.0909090909091,0.039312039312,0.0565110565111,0.0933660933661,0.0565110565111,0.041769041769,0.0835380835381,0.0515970515971,0.034398034398,0.00982800982801,0.022113022113
C16H3.2,0.0785714285714,0.0,0.0357142857143,0.0285714285714,0.0714285714286,0.0785714285714,0.0642857142857,0.0928571428571,0.05,0.0857142857143,0.00714285714286,0.0928571428571,0.0571428571429,0.05,0.0285714285714,0.0428571428571,0.0214285714286,0.0857142857143,0.00714285714286,0.0214285714286
C08B11.7.1,0.0560747663551,0.00934579439252,0.0654205607477,0.102803738318,0.0404984423676,0.0529595015576,0.0155763239875,0.0654205607477,0.0747663551402,0.102803738318,0.0342679127726,0.0716510903427,0.0280373831776,0.0591900311526,0.0436137071651,0.0342679127726,0.0529595015576,0.0467289719626,0.00934579439252,0.0342679127726
C18D11.4a.1,0.0161812297735,0.00970873786408,0.0809061488673,0.0291262135922,0.0355987055016,0.281553398058,0.0194174757282,0.0129449838188,0.0226537216828,0.0258899676375,0.00970873786408,0.042071197411,0.0355987055016,0.0161812297735,0.171521035599,0.10355987055,0.0194174757282,0.0194174757282,0.0,0.0485436893204
C07G2.3a.1,0.10332103321,0.00922509225092,0.0719557195572,0.0811808118081,0.029520295203,0.0645756457565,0.0166051660517,0.0793357933579,0.0738007380074,0.0922509225092,0.0313653136531,0.029520295203,0.0332103321033,0.0369003690037,0.0553505535055,0.0553505535055,0.0516605166052,0.0738007380074,0.00369003690037,0.00738007380074
C17E4.5,0.0682926829268,0.00975609756098,0.0731707317073,0.0780487804878,0.0341463414634,0.107317073171,0.019512195122,0.0487804878049,0.0536585365854,0.0487804878049,0.0341463414634,0.0585365853659,0.0439024390244,0.0390243902439,0.0780487804878,0.0682926829268,0.0487804878049,0.0585365853659,0.0,0.0292682926829
C18G1.4a,0.0865800865801,0.00577200577201,0.0562770562771,0.0808080808081,0.046176046176,0.0880230880231,0.010101010101,0.049062049062,0.0634920634921,0.0952380952381,0.011544011544,0.036075036075,0.044733044733,0.041847041847,0.044733044733,0.103896103896,0.046176046176,0.0649350649351,0.00721500721501,0.017316017316
C13B4.2,0.0613496932515,0.0163599182004,0.0654396728016,0.0940695296524,0.038854805726,0.0470347648262,0.0122699386503,0.0490797546012,0.0858895705521,0.0858895705521,0.0306748466258,0.0490797546012,0.0429447852761,0.0470347648262,0.0511247443763,0.0572597137014,0.0552147239264,0.0715746421268,0.0143149284254,0.0245398773006
C17F4.7.1,0.0483870967742,0.0322580645161,0.0698924731183,0.0483870967742,0.0591397849462,0.0591397849462,0.0376344086022,0.0806451612903,0.0483870967742,0.112903225806,0.0215053763441,0.0698924731183,0.0698924731183,0.0376344086022,0.010752688172,0.0645161290323,0.0483870967742,0.0376344086022,0.010752688172,0.0322580645161
C17H12.14,0.0796460176991,0.0132743362832,0.0442477876106,0.110619469027,0.0353982300885,0.0575221238938,0.00884955752212,0.0530973451327,0.0796460176991,0.12389380531,0.0221238938053,0.0442477876106,0.0265486725664,0.0752212389381,0.0752212389381,0.0619469026549,0.0176991150442,0.0619469026549,0.00442477876106,0.00442477876106
C07A12.4a.1,0.0770791075051,0.00811359026369,0.0730223123732,0.115618661258,0.0689655172414,0.0689655172414,0.0141987829615,0.0567951318458,0.0993914807302,0.079107505071,0.0101419878296,0.0405679513185,0.0324543610548,0.0243407707911,0.0202839756592,0.0507099391481,0.0547667342799,0.0750507099391,0.0121703853955,0.0182555780933
C06B8.8.1,0.0714285714286,0.0142857142857,0.0571428571429,0.0571428571429,0.0285714285714,0.0142857142857,0.0,0.0571428571429,0.242857142857,0.0857142857143,0.0142857142857,0.0428571428571,0.0428571428571,0.0285714285714,0.0428571428571,0.0571428571429,0.0285714285714,0.0857142857143,0.0,0.0285714285714
C14C10.5a,0.0618448637317,0.022536687631,0.0550314465409,0.0754716981132,0.0393081761006,0.0361635220126,0.0262054507338,0.0623689727463,0.062893081761,0.122117400419,0.0351153039832,0.0398322851153,0.0414046121593,0.0382599580713,0.0513626834382,0.0660377358491,0.0576519916143,0.0545073375262,0.0204402515723,0.0314465408805
C17H12.8.1,0.0574712643678,0.014367816092,0.0459770114943,0.0431034482759,0.0545977011494,0.0316091954023,0.0201149425287,0.0747126436782,0.0373563218391,0.0574712643678,0.0316091954023,0.0718390804598,0.0545977011494,0.0402298850575,0.0316091954023,0.0804597701149,0.0890804597701,0.103448275862,0.00574712643678,0.0545977011494
C17H12.13a,0.0666666666667,0.0280701754386,0.0666666666667,0.059649122807,0.0456140350877,0.0421052631579,0.0175438596491,0.0526315789474,0.0631578947368,0.0877192982456,0.0315789473684,0.0385964912281,0.0210526315789,0.0421052631579,0.0701754385965,0.0947368421053,0.0561403508772,0.080701754386,0.00350877192982,0.0315789473684
C07A9.2.1,0.0748299319728,0.0680272108844,0.0340136054422,0.102040816327,0.0340136054422,0.047619047619,0.0340136054422,0.0544217687075,0.0952380952381,0.0612244897959,0.0204081632653,0.0272108843537,0.0408163265306,0.0204081632653,0.0816326530612,0.047619047619,0.047619047619,0.047619047619,0.0204081632653,0.0408163265306
C15H9.6a.1,0.071104387292,0.00302571860817,0.0801815431165,0.0983358547655,0.0332829046899,0.0801815431165,0.00907715582451,0.0650529500756,0.101361573374,0.0741301059002,0.0151285930408,0.0499243570348,0.0332829046899,0.036308623298,0.036308623298,0.0438729198185,0.0635400907716,0.0801815431165,0.00302571860817,0.0226928895613
C16A3.5.1,0.0858895705521,0.0184049079755,0.0736196319018,0.0858895705521,0.0490797546012,0.0306748466258,0.0184049079755,0.0429447852761,0.0736196319018,0.0736196319018,0.0122699386503,0.0306748466258,0.0429447852761,0.0552147239264,0.0981595092025,0.0552147239264,0.0490797546012,0.0368098159509,0.0368098159509,0.0306748466258
C08B6.9,0.0612244897959,0.0145772594752,0.0524781341108,0.0874635568513,0.0583090379009,0.0612244897959,0.0204081632653,0.067055393586,0.069970845481,0.0758017492711,0.0233236151603,0.0612244897959,0.0320699708455,0.0204081632653,0.0379008746356,0.067055393586,0.0583090379009,0.0845481049563,0.0116618075802,0.0349854227405
C16C10.4.1,0.0301204819277,0.0180722891566,0.078313253012,0.0481927710843,0.0421686746988,0.0722891566265,0.0240963855422,0.0361445783133,0.0361445783133,0.066265060241,0.0301204819277,0.0722891566265,0.0542168674699,0.0602409638554,0.114457831325,0.0722891566265,0.0481927710843,0.078313253012,0.00602409638554,0.0120481927711
C09G4.3,0.031914893617,0.0,0.0425531914894,0.063829787234,0.031914893617,0.0851063829787,0.0531914893617,0.031914893617,0.0531914893617,0.063829787234,0.0425531914894,0.063829787234,0.0425531914894,0.031914893617,0.0851063829787,0.063829787234,0.063829787234,0.0744680851064,0.0212765957447,0.0531914893617
C14B1.1.1,0.111340206186,0.00824742268041,0.0701030927835,0.0969072164948,0.0556701030928,0.0453608247423,0.0123711340206,0.0412371134021,0.0845360824742,0.0865979381443,0.0020618556701,0.0432989690722,0.0309278350515,0.0226804123711,0.0185567010309,0.0721649484536,0.059793814433,0.0969072164948,0.0144329896907,0.0268041237113
C16A3.9,0.0728476821192,0.0,0.0331125827815,0.046357615894,0.00662251655629,0.0662251655629,0.0331125827815,0.0662251655629,0.112582781457,0.0860927152318,0.0397350993377,0.0132450331126,0.0529801324503,0.0397350993377,0.105960264901,0.0794701986755,0.0264900662252,0.0662251655629,0.0132450331126,0.0397350993377
C18G1.5,0.229249011858,0.0,0.0276679841897,0.0355731225296,0.0118577075099,0.0395256916996,0.00790513833992,0.0316205533597,0.213438735178,0.0237154150198,0.0158102766798,0.0316205533597,0.0553359683794,0.00790513833992,0.0197628458498,0.0671936758893,0.110671936759,0.0632411067194,0.0,0.00790513833992
C09H10.7,0.0492307692308,0.0184615384615,0.0553846153846,0.0615384615385,0.0861538461538,0.0492307692308,0.0492307692308,0.0492307692308,0.0523076923077,0.0615384615385,0.0153846153846,0.0430769230769,0.0584615384615,0.0369230769231,0.0553846153846,0.0830769230769,0.0738461538462,0.0553846153846,0.00615384615385,0.04
C10G11.7a.1,0.189349112426,0.0,0.0502958579882,0.12426035503,0.0325443786982,0.0650887573964,0.00591715976331,0.0355029585799,0.094674556213,0.0384615384615,0.00295857988166,0.0325443786982,0.0621301775148,0.0502958579882,0.0266272189349,0.0177514792899,0.0680473372781,0.0828402366864,0.0147928994083,0.00591715976331
C18A3.5a,0.0588235294118,0.00245098039216,0.0563725490196,0.046568627451,0.0441176470588,0.129901960784,0.0220588235294,0.031862745098,0.0490196078431,0.0367647058824,0.0196078431373,0.0759803921569,0.0343137254902,0.0882352941176,0.0441176470588,0.078431372549,0.0563725490196,0.0514705882353,0.0171568627451,0.0563725490196
C14B9.7,0.0745341614907,0.00621118012422,0.0310559006211,0.0372670807453,0.0434782608696,0.0807453416149,0.0310559006211,0.0621118012422,0.0931677018634,0.0621118012422,0.0186335403727,0.0621118012422,0.055900621118,0.0248447204969,0.11801242236,0.0310559006211,0.0683229813665,0.0683229813665,0.0,0.0310559006211
C07G1.5.1,0.0891632373114,0.0192043895748,0.0493827160494,0.076817558299,0.0205761316872,0.0466392318244,0.0356652949246,0.0260631001372,0.0562414266118,0.0576131687243,0.0356652949246,0.0452674897119,0.0562414266118,0.137174211248,0.0493827160494,0.0644718792867,0.0356652949246,0.0466392318244,0.0082304526749,0.0438957475995
C14C6.5a,0.0538922155689,0.101796407186,0.0778443113772,0.0059880239521,0.0059880239521,0.101796407186,0.0119760479042,0.059880239521,0.0718562874251,0.0359281437126,0.0419161676647,0.0538922155689,0.0958083832335,0.0179640718563,0.0179640718563,0.0658682634731,0.0958083832335,0.0359281437126,0.0,0.0479041916168
C06H2.1.1,0.109947643979,0.00523560209424,0.0680628272251,0.0837696335079,0.0366492146597,0.0314136125654,0.0366492146597,0.0314136125654,0.0942408376963,0.0785340314136,0.00523560209424,0.0366492146597,0.0628272251309,0.0418848167539,0.0523560209424,0.0523560209424,0.020942408377,0.0942408376963,0.0157068062827,0.0418848167539
C14B1.2,0.0606060606061,0.00505050505051,0.0707070707071,0.0757575757576,0.0454545454545,0.040404040404,0.010101010101,0.0707070707071,0.0505050505051,0.10101010101,0.030303030303,0.0454545454545,0.040404040404,0.0252525252525,0.0656565656566,0.0909090909091,0.0707070707071,0.0656565656566,0.010101010101,0.0252525252525
C15H11.7,0.10162601626,0.0162601626016,0.0609756097561,0.0569105691057,0.0284552845528,0.0609756097561,0.0121951219512,0.0609756097561,0.0853658536585,0.0691056910569,0.0243902439024,0.0325203252033,0.0284552845528,0.0487804878049,0.0406504065041,0.0813008130081,0.0528455284553,0.0894308943089,0.00406504065041,0.0447154471545
C07H6.5,0.0651162790698,0.0209302325581,0.0558139534884,0.0604651162791,0.0372093023256,0.0604651162791,0.0279069767442,0.0767441860465,0.0627906976744,0.102325581395,0.0279069767442,0.046511627907,0.0348837209302,0.0604651162791,0.0604651162791,0.0325581395349,0.0697674418605,0.0674418604651,0.0046511627907,0.0255813953488
C08H9.2a,0.0819672131148,0.00573770491803,0.0532786885246,0.0934426229508,0.0196721311475,0.0704918032787,0.0237704918033,0.0786885245902,0.0795081967213,0.0622950819672,0.0114754098361,0.0459016393443,0.0409836065574,0.0467213114754,0.0590163934426,0.0704918032787,0.0524590163934,0.0827868852459,0.00491803278689,0.016393442623
C16A3.10.1,0.085308056872,0.0236966824645,0.0545023696682,0.0545023696682,0.0450236966825,0.0734597156398,0.0165876777251,0.0450236966825,0.0924170616114,0.0947867298578,0.0165876777251,0.0521327014218,0.0473933649289,0.0260663507109,0.0331753554502,0.0568720379147,0.0355450236967,0.101895734597,0.00947867298578,0.0355450236967
C18E9.6,0.0963455149502,0.00664451827243,0.0199335548173,0.0564784053156,0.0398671096346,0.109634551495,0.0265780730897,0.046511627907,0.0365448504983,0.109634551495,0.0166112956811,0.0531561461794,0.0365448504983,0.0531561461794,0.0398671096346,0.0498338870432,0.0963455149502,0.063122923588,0.00332225913621,0.0398671096346
C09D4.5.1,0.0757575757576,0.00505050505051,0.030303030303,0.0707070707071,0.0151515151515,0.0454545454545,0.0252525252525,0.0454545454545,0.131313131313,0.0959595959596,0.0151515151515,0.0606060606061,0.0151515151515,0.0353535353535,0.166666666667,0.0505050505051,0.0252525252525,0.0505050505051,0.010101010101,0.030303030303
C08F11.11.1,0.0990990990991,0.0540540540541,0.0630630630631,0.0540540540541,0.00900900900901,0.045045045045,0.036036036036,0.036036036036,0.0540540540541,0.0720720720721,0.018018018018,0.0630630630631,0.036036036036,0.00900900900901,0.036036036036,0.117117117117,0.0810810810811,0.0900900900901,0.0,0.027027027027
C17G10.5.1,0.101398601399,0.0174825174825,0.034965034965,0.027972027972,0.041958041958,0.0769230769231,0.0034965034965,0.048951048951,0.027972027972,0.0699300699301,0.013986013986,0.0664335664336,0.0454545454545,0.0664335664336,0.0314685314685,0.0944055944056,0.0559440559441,0.101398601399,0.0244755244755,0.048951048951
C07D8.6,0.104100946372,0.00630914826498,0.0536277602524,0.0820189274448,0.0378548895899,0.0536277602524,0.0315457413249,0.0441640378549,0.0662460567823,0.107255520505,0.0157728706625,0.0410094637224,0.0441640378549,0.0441640378549,0.0347003154574,0.0662460567823,0.0567823343849,0.0694006309148,0.0157728706625,0.0252365930599
C18E9.4.1,0.0776699029126,0.0,0.0388349514563,0.0388349514563,0.0582524271845,0.0873786407767,0.0776699029126,0.0582524271845,0.0776699029126,0.0679611650485,0.00970873786408,0.0291262135922,0.0582524271845,0.0485436893204,0.0388349514563,0.0291262135922,0.0388349514563,0.0485436893204,0.0388349514563,0.0776699029126
C17F4.5,0.0344827586207,0.0229885057471,0.0574712643678,0.0747126436782,0.0574712643678,0.051724137931,0.0201149425287,0.0488505747126,0.0862068965517,0.126436781609,0.0258620689655,0.0373563218391,0.0373563218391,0.0316091954023,0.0402298850575,0.0862068965517,0.0488505747126,0.0689655172414,0.00574712643678,0.0373563218391
C07G2.1a,0.106164383562,0.0308219178082,0.0496575342466,0.123287671233,0.0154109589041,0.0616438356164,0.00513698630137,0.0325342465753,0.013698630137,0.0222602739726,0.0102739726027,0.0222602739726,0.0890410958904,0.0205479452055,0.0119863013699,0.0513698630137,0.164383561644,0.106164383562,0.0,0.0633561643836
C15F1.6,0.0941558441558,0.00649350649351,0.0292207792208,0.038961038961,0.0844155844156,0.0584415584416,0.0194805194805,0.0681818181818,0.0616883116883,0.0974025974026,0.0194805194805,0.0422077922078,0.0649350649351,0.0422077922078,0.0487012987013,0.0519480519481,0.0454545454545,0.0584415584416,0.0162337662338,0.0519480519481
C08B11.3,0.0731511254019,0.0209003215434,0.0474276527331,0.0811897106109,0.0257234726688,0.0506430868167,0.0329581993569,0.0602893890675,0.0506430868167,0.0779742765273,0.0313504823151,0.0554662379421,0.0530546623794,0.0514469453376,0.0530546623794,0.0892282958199,0.0506430868167,0.0610932475884,0.0112540192926,0.0225080385852
C09H10.2.1,0.0285714285714,0.047619047619,0.0190476190476,0.0380952380952,0.0571428571429,0.0857142857143,0.0380952380952,0.0380952380952,0.209523809524,0.0285714285714,0.0190476190476,0.0190476190476,0.0285714285714,0.0761904761905,0.104761904762,0.0285714285714,0.0666666666667,0.047619047619,0.0,0.0190476190476
C42D8.2a.1,0.0557966522009,0.0111593304402,0.0334779913205,0.112833230006,0.0390576565406,0.026658400496,0.0154990700558,0.0595164290143,0.0750154990701,0.0874147551147,0.024178549287,0.0464972101674,0.0365778053317,0.0675759454433,0.0638561686299,0.0725356478611,0.0582765034098,0.06943583385,0.00681959082455,0.0378177309361
C24F3.1b,0.0750670241287,0.00536193029491,0.0241286863271,0.0482573726542,0.0938337801609,0.0509383378016,0.0375335120643,0.0777479892761,0.0750670241287,0.088471849866,0.0214477211796,0.0241286863271,0.0321715817694,0.0455764075067,0.0375335120643,0.088471849866,0.0321715817694,0.088471849866,0.0107238605898,0.0428954423592
C41C4.8.1,0.0888888888889,0.0123456790123,0.0740740740741,0.0827160493827,0.0432098765432,0.0740740740741,0.0123456790123,0.0666666666667,0.062962962963,0.0876543209877,0.0259259259259,0.0481481481481,0.0506172839506,0.0333333333333,0.0679012345679,0.0481481481481,0.0395061728395,0.0654320987654,0.00246913580247,0.0135802469136
C44B7.5,0.0720338983051,0.0254237288136,0.0635593220339,0.0550847457627,0.0423728813559,0.0762711864407,0.0338983050847,0.0677966101695,0.0974576271186,0.0932203389831,0.0466101694915,0.0677966101695,0.00847457627119,0.00847457627119,0.0338983050847,0.0720338983051,0.0593220338983,0.0423728813559,0.00847457627119,0.0254237288136
C23G10.2a.1,0.140350877193,0.0,0.0350877192982,0.0760233918129,0.0116959064327,0.0877192982456,0.00584795321637,0.046783625731,0.0701754385965,0.0818713450292,0.0175438596491,0.046783625731,0.0526315789474,0.0526315789474,0.0292397660819,0.0526315789474,0.0526315789474,0.0994152046784,0.0,0.0409356725146
C47E8.5.1,0.0626780626781,0.011396011396,0.0712250712251,0.122507122507,0.042735042735,0.042735042735,0.011396011396,0.0641025641026,0.109686609687,0.0783475783476,0.02849002849,0.042735042735,0.025641025641,0.0270655270655,0.037037037037,0.0698005698006,0.042735042735,0.0712250712251,0.00569800569801,0.0327635327635
C36E8.5.1,0.0711111111111,0.0177777777778,0.0577777777778,0.08,0.0488888888889,0.0822222222222,0.02,0.0355555555556,0.0355555555556,0.0755555555556,0.0422222222222,0.0533333333333,0.0422222222222,0.0488888888889,0.0488888888889,0.0555555555556,0.0644444444444,0.0711111111111,0.00888888888889,0.04
C25B8.4b,0.0725806451613,0.0282258064516,0.0564516129032,0.0403225806452,0.0927419354839,0.0362903225806,0.0241935483871,0.0443548387097,0.0564516129032,0.0645161290323,0.00403225806452,0.0483870967742,0.0403225806452,0.0483870967742,0.0443548387097,0.0806451612903,0.0685483870968,0.0645161290323,0.0362903225806,0.0483870967742
C47B2.3.1,0.0736607142857,0.0223214285714,0.0580357142857,0.0803571428571,0.046875,0.0758928571429,0.0245535714286,0.0535714285714,0.0401785714286,0.0691964285714,0.0223214285714,0.0424107142857,0.046875,0.0267857142857,0.0491071428571,0.0625,0.0714285714286,0.078125,0.00892857142857,0.046875
C27A2.2a,0.0692307692308,0.00769230769231,0.0461538461538,0.0769230769231,0.0307692307692,0.0384615384615,0.0384615384615,0.0307692307692,0.161538461538,0.0846153846154,0.00769230769231,0.0769230769231,0.0307692307692,0.0,0.0538461538462,0.0538461538462,0.0230769230769,0.123076923077,0.00769230769231,0.0384615384615
C44B12.5,0.14501510574,0.02416918429,0.0725075528701,0.0302114803625,0.02416918429,0.0845921450151,0.0211480362538,0.00604229607251,0.0422960725076,0.0453172205438,0.00604229607251,0.0543806646526,0.102719033233,0.0392749244713,0.0453172205438,0.0815709969789,0.0543806646526,0.0604229607251,0.0211480362538,0.0392749244713
C36B1.12c.1,0.0513595166163,0.0302114803625,0.0513595166163,0.0347432024169,0.070996978852,0.0634441087613,0.0166163141994,0.0845921450151,0.0453172205438,0.0891238670695,0.0377643504532,0.0422960725076,0.0543806646526,0.0271903323263,0.0407854984894,0.0815709969789,0.0574018126888,0.0634441087613,0.0151057401813,0.0422960725076
C27B7.9,0.0888888888889,0.0444444444444,0.0222222222222,0.0444444444444,0.0555555555556,0.0555555555556,0.0,0.0666666666667,0.111111111111,0.122222222222,0.0444444444444,0.0111111111111,0.0666666666667,0.0444444444444,0.0666666666667,0.0222222222222,0.0555555555556,0.0555555555556,0.0,0.0222222222222
C28C12.7b,0.0815850815851,0.0536130536131,0.0582750582751,0.0792540792541,0.0582750582751,0.02331002331,0.00699300699301,0.04662004662,0.0815850815851,0.0862470862471,0.034965034965,0.04662004662,0.030303030303,0.0582750582751,0.037296037296,0.0722610722611,0.04662004662,0.0745920745921,0.002331002331,0.020979020979
C26C6.2,0.0677966101695,0.0254237288136,0.0677966101695,0.0847457627119,0.0536723163842,0.0480225988701,0.0197740112994,0.0621468926554,0.0762711864407,0.0819209039548,0.0338983050847,0.045197740113,0.0141242937853,0.0423728813559,0.045197740113,0.0706214689266,0.0593220338983,0.0593220338983,0.00847457627119,0.0338983050847
C27H6.4b,0.10582010582,0.010582010582,0.0687830687831,0.0873015873016,0.0291005291005,0.0502645502646,0.0132275132275,0.0449735449735,0.0899470899471,0.0899470899471,0.0185185185185,0.031746031746,0.021164021164,0.0238095238095,0.0529100529101,0.0820105820106,0.0793650793651,0.0396825396825,0.0238095238095,0.037037037037
C37H5.6a,0.0612691466083,0.0131291028446,0.0437636761488,0.074398249453,0.0459518599562,0.107221006565,0.019693654267,0.0678336980306,0.0678336980306,0.0722100656455,0.0109409190372,0.0525164113786,0.0328227571116,0.0328227571116,0.0481400437637,0.0590809628009,0.0590809628009,0.0919037199125,0.0109409190372,0.0284463894967
C53D5.6,0.0924908424908,0.0247252747253,0.0631868131868,0.0970695970696,0.0375457875458,0.0494505494505,0.0210622710623,0.0732600732601,0.0512820512821,0.104395604396,0.032967032967,0.0430402930403,0.0375457875458,0.03663003663,0.0357142857143,0.0512820512821,0.0457875457875,0.0668498168498,0.00824175824176,0.0274725274725
C23G10.3,0.085020242915,0.0121457489879,0.0242914979757,0.080971659919,0.0242914979757,0.0890688259109,0.0242914979757,0.0526315789474,0.0769230769231,0.0688259109312,0.0283400809717,0.0364372469636,0.0485829959514,0.0688259109312,0.0728744939271,0.0404858299595,0.0202429149798,0.121457489879,0.0,0.0242914979757
C50D2.5,0.0797101449275,0.00724637681159,0.0434782608696,0.0869565217391,0.036231884058,0.0724637681159,0.00724637681159,0.0724637681159,0.0942028985507,0.0652173913043,0.0289855072464,0.0507246376812,0.0289855072464,0.0217391304348,0.0869565217391,0.0144927536232,0.0724637681159,0.0579710144928,0.00724637681159,0.0652173913043
C47E12.5a.1,0.0790655884996,0.0143755615454,0.0610961365678,0.0826594788859,0.0494159928122,0.0655884995508,0.0215633423181,0.0512129380054,0.0566037735849,0.0835579514825,0.0197663971249,0.0539083557951,0.0404312668464,0.0386343216532,0.047619047619,0.0655884995508,0.0610961365678,0.0718778077269,0.010781671159,0.0251572327044
C50C3.6,0.0528123658222,0.00858737655646,0.0575354229283,0.0592528982396,0.043795620438,0.0455130957492,0.0287677114641,0.0575354229283,0.0652640618291,0.099613568055,0.029197080292,0.0515242593388,0.0562473164448,0.0433662516101,0.0644053241735,0.0468012022327,0.0609703735509,0.0609703735509,0.0261914984972,0.0416487762988
C34E10.6.1,0.100371747212,0.00557620817844,0.0539033457249,0.0631970260223,0.0315985130112,0.0947955390335,0.0185873605948,0.0743494423792,0.0483271375465,0.0836431226766,0.0241635687732,0.0334572490706,0.0446096654275,0.046468401487,0.0483271375465,0.0631970260223,0.0539033457249,0.0910780669145,0.0,0.0204460966543
C50B6.2,0.125429553265,0.00171821305842,0.0841924398625,0.170103092784,0.0171821305842,0.0360824742268,0.0103092783505,0.0463917525773,0.0721649484536,0.053264604811,0.0171821305842,0.0343642611684,0.0309278350515,0.0309278350515,0.0223367697595,0.0790378006873,0.073883161512,0.0876288659794,0.00343642611684,0.00343642611684
C47B2.5.1,0.0813008130081,0.0284552845528,0.0406504065041,0.0731707317073,0.020325203252,0.0731707317073,0.020325203252,0.0609756097561,0.00813008130081,0.117886178862,0.0121951219512,0.0528455284553,0.0284552845528,0.0365853658537,0.0528455284553,0.0894308943089,0.0650406504065,0.117886178862,0.00406504065041,0.0162601626016
C47B2.4,0.108303249097,0.0216606498195,0.057761732852,0.043321299639,0.0361010830325,0.0938628158845,0.028880866426,0.0505415162455,0.0758122743682,0.0758122743682,0.043321299639,0.0397111913357,0.0361010830325,0.028880866426,0.0361010830325,0.0469314079422,0.0794223826715,0.0649819494585,0.0,0.0324909747292
C34F6.2,0.0883392226148,0.0318021201413,0.0494699646643,0.0600706713781,0.0247349823322,0.222614840989,0.017667844523,0.0212014134276,0.0459363957597,0.0388692579505,0.0106007067138,0.0247349823322,0.162544169611,0.0459363957597,0.0424028268551,0.0424028268551,0.0282685512367,0.0353356890459,0.0,0.00706713780919
C26D10.2a,0.0635294117647,0.0211764705882,0.0705882352941,0.0894117647059,0.0494117647059,0.0588235294118,0.0235294117647,0.0541176470588,0.0729411764706,0.0870588235294,0.0376470588235,0.0235294117647,0.0329411764706,0.0588235294118,0.0611764705882,0.0423529411765,0.0447058823529,0.0823529411765,0.0,0.0258823529412
C47G2.5c,0.0745501285347,0.0192802056555,0.060411311054,0.098971722365,0.0449871465296,0.0372750642674,0.0218508997429,0.0591259640103,0.0501285347044,0.100257069409,0.0244215938303,0.0552699228792,0.0526992287918,0.0347043701799,0.0398457583548,0.0951156812339,0.0526992287918,0.0462724935733,0.0154241645244,0.0167095115681
C42C1.14,0.0454545454545,0.0181818181818,0.0181818181818,0.0363636363636,0.00909090909091,0.0636363636364,0.0181818181818,0.0636363636364,0.118181818182,0.0909090909091,0.00909090909091,0.0454545454545,0.0454545454545,0.0363636363636,0.136363636364,0.0363636363636,0.0818181818182,0.0909090909091,0.0,0.0363636363636
C32F10.1a.1,0.0591715976331,0.00591715976331,0.0547337278107,0.085798816568,0.0443786982249,0.0724852071006,0.0251479289941,0.0502958579882,0.0739644970414,0.0710059171598,0.0251479289941,0.0443786982249,0.0369822485207,0.042899408284,0.0562130177515,0.0828402366864,0.0665680473373,0.051775147929,0.0147928994083,0.0355029585799
C27H6.2,0.0840336134454,0.0126050420168,0.0588235294118,0.0924369747899,0.0252100840336,0.063025210084,0.0168067226891,0.0609243697479,0.0735294117647,0.0798319327731,0.0357142857143,0.0252100840336,0.0483193277311,0.0294117647059,0.0609243697479,0.063025210084,0.0504201680672,0.0987394957983,0.0,0.0210084033613
